  0.00000000E+00 -0.38201896E-24 -0.24130084E-39
  0.10000000E+00 -0.38197933E-24 -0.25502137E-39
  0.20000000E+00 -0.38186103E-24 -0.23064979E-39
  0.30000000E+00 -0.38166582E-24 -0.25447777E-39
  0.40000000E+00 -0.38139645E-24 -0.23329286E-39
  0.50000000E+00 -0.38105645E-24 -0.19505457E-39
  0.60000000E+00 -0.38064983E-24 -0.21562182E-39
  0.70000000E+00 -0.38018080E-24 -0.20801923E-39
  0.80000000E+00 -0.37965345E-24 -0.18031472E-39
  0.90000000E+00 -0.37907148E-24 -0.14803648E-39
  0.10000000E+01 -0.37843801E-24 -0.10600016E-39
  0.11000000E+01 -0.37775541E-24 -0.12247005E-39
  0.12000000E+01 -0.37702523E-24 -0.11309993E-39
  0.13000000E+01 -0.37624816E-24 -0.10398548E-39
  0.14000000E+01 -0.37542412E-24 -0.82444328E-40
  0.15000000E+01 -0.37455229E-24 -0.61138976E-40
  0.16000000E+01 -0.37363127E-24 -0.37755306E-40
  0.17000000E+01 -0.37265917E-24 -0.35627373E-40
  0.18000000E+01 -0.37163379E-24 -0.26960243E-40
  0.19000000E+01 -0.37055275E-24 -0.18380246E-40
  0.20000000E+01 -0.36941360E-24  0.19032358E-41
  0.21000000E+01 -0.36821394E-24  0.53572522E-41
  0.22000000E+01 -0.36695154E-24  0.11917378E-40
  0.23000000E+01 -0.36562441E-24  0.36991474E-40
  0.24000000E+01 -0.36423082E-24  0.15020536E-40
  0.25000000E+01 -0.36276942E-24  0.37161442E-40
  0.26000000E+01 -0.36123920E-24  0.22069005E-40
  0.27000000E+01 -0.35963954E-24  0.44604404E-40
  0.28000000E+01 -0.35797019E-24  0.52819979E-40
  0.29000000E+01 -0.35623129E-24  0.51369621E-40
  0.30000000E+01 -0.35442335E-24  0.60833235E-40
  0.31000000E+01 -0.35254719E-24  0.65788586E-40
  0.32000000E+01 -0.35060398E-24  0.63587627E-40
  0.33000000E+01 -0.34859516E-24  0.74202828E-40
  0.34000000E+01 -0.34652244E-24  0.59342275E-40
  0.35000000E+01 -0.34438776E-24  0.69943730E-40
  0.36000000E+01 -0.34219327E-24  0.68636923E-40
  0.37000000E+01 -0.33994129E-24  0.73795016E-40
  0.38000000E+01 -0.33763429E-24  0.66990336E-40
  0.39000000E+01 -0.33527484E-24  0.76209869E-40
  0.40000000E+01 -0.33286564E-24  0.85068014E-40
  0.41000000E+01 -0.33040944E-24  0.59925733E-40
  0.42000000E+01 -0.32790905E-24  0.66231240E-40
  0.43000000E+01 -0.32536732E-24  0.78201826E-40
  0.44000000E+01 -0.32278710E-24  0.71645478E-40
  0.45000000E+01 -0.32017124E-24  0.76861468E-40
  0.46000000E+01 -0.31752260E-24  0.67375912E-40
  0.47000000E+01 -0.31484398E-24  0.82170009E-40
  0.48000000E+01 -0.31213817E-24  0.71652315E-40
  0.49000000E+01 -0.30940789E-24  0.77242549E-40
  0.50000000E+01 -0.30665583E-24  0.77006120E-40
  0.51000000E+01 -0.30388459E-24  0.68371079E-40
  0.52000000E+01 -0.30109672E-24  0.63568715E-40
  0.53000000E+01 -0.29829470E-24  0.72991924E-40
  0.54000000E+01 -0.29548091E-24  0.70652774E-40
  0.55000000E+01 -0.29265768E-24  0.75152002E-40
  0.56000000E+01 -0.28982722E-24  0.75009938E-40
  0.57000000E+01 -0.28699170E-24  0.68790192E-40
  0.58000000E+01 -0.28415316E-24  0.67850650E-40
  0.59000000E+01 -0.28131359E-24  0.74630470E-40
  0.60000000E+01 -0.27847487E-24  0.62947880E-40
  0.61000000E+01 -0.27563881E-24  0.59585006E-40
  0.62000000E+01 -0.27280713E-24  0.60864215E-40
  0.63000000E+01 -0.26998145E-24  0.60036288E-40
  0.64000000E+01 -0.26716332E-24  0.55561561E-40
  0.65000000E+01 -0.26435422E-24  0.60820868E-40
  0.66000000E+01 -0.26155553E-24  0.55047474E-40
  0.67000000E+01 -0.25876856E-24  0.58120767E-40
  0.68000000E+01 -0.25599454E-24  0.54506809E-40
  0.69000000E+01 -0.25323464E-24  0.55815314E-40
  0.70000000E+01 -0.25048994E-24  0.57386243E-40
  0.71000000E+01 -0.24776145E-24  0.56901857E-40
  0.72000000E+01 -0.24505013E-24  0.51477580E-40
  0.73000000E+01 -0.24235686E-24  0.52614774E-40
  0.74000000E+01 -0.23968247E-24  0.57962479E-40
  0.75000000E+01 -0.23702771E-24  0.53679607E-40
  0.76000000E+01 -0.23439328E-24  0.51083900E-40
  0.77000000E+01 -0.23177985E-24  0.51608058E-40
  0.78000000E+01 -0.22918800E-24  0.50434272E-40
  0.79000000E+01 -0.22661826E-24  0.49586425E-40
  0.80000000E+01 -0.22407115E-24  0.51030737E-40
  0.81000000E+01 -0.22154710E-24  0.49279202E-40
  0.82000000E+01 -0.21904652E-24  0.48062692E-40
  0.83000000E+01 -0.21656977E-24  0.47208489E-40
  0.84000000E+01 -0.21411717E-24  0.42380016E-40
  0.85000000E+01 -0.21168900E-24  0.44007652E-40
  0.86000000E+01 -0.20928551E-24  0.47011126E-40
  0.87000000E+01 -0.20690690E-24  0.44995802E-40
  0.88000000E+01 -0.20455335E-24  0.47824302E-40
  0.89000000E+01 -0.20222502E-24  0.42765830E-40
  0.90000000E+01 -0.19992201E-24  0.38279882E-40
  0.91000000E+01 -0.19764442E-24  0.40007904E-40
  0.92000000E+01 -0.19539232E-24  0.41888644E-40
  0.93000000E+01 -0.19316573E-24  0.43459289E-40
  0.94000000E+01 -0.19096467E-24  0.43138589E-40
  0.95000000E+01 -0.18878915E-24  0.38686830E-40
  0.96000000E+01 -0.18663913E-24  0.38028815E-40
  0.97000000E+01 -0.18451456E-24  0.39739836E-40
  0.98000000E+01 -0.18241539E-24  0.38822571E-40
  0.99000000E+01 -0.18034153E-24  0.32989732E-40
  0.10000000E+02 -0.17829288E-24  0.33781839E-40
  0.10100000E+02 -0.17626934E-24  0.37227414E-40
  0.10200000E+02 -0.17427078E-24  0.33160347E-40
  0.10300000E+02 -0.17229705E-24  0.32051189E-40
  0.10400000E+02 -0.17034803E-24  0.34550211E-40
  0.10500000E+02 -0.16842353E-24  0.33983389E-40
  0.10600000E+02 -0.16652340E-24  0.31595228E-40
  0.10700000E+02 -0.16464745E-24  0.32466053E-40
  0.10800000E+02 -0.16279550E-24  0.33831713E-40
  0.10900000E+02 -0.16096735E-24  0.30923379E-40
  0.11000000E+02 -0.15916279E-24  0.29862631E-40
  0.11100000E+02 -0.15738163E-24  0.30412785E-40
  0.11200000E+02 -0.15562364E-24  0.31526085E-40
  0.11300000E+02 -0.15388860E-24  0.27729421E-40
  0.11400000E+02 -0.15217629E-24  0.30359687E-40
  0.11500000E+02 -0.15048648E-24  0.25903370E-40
  0.11600000E+02 -0.14881894E-24  0.29477003E-40
  0.11700000E+02 -0.14717343E-24  0.30086114E-40
  0.11800000E+02 -0.14554971E-24  0.25504229E-40
  0.11900000E+02 -0.14394755E-24  0.28244506E-40
  0.12000000E+02 -0.14236669E-24  0.29440681E-40
  0.12100000E+02 -0.14080689E-24  0.22938885E-40
  0.12200000E+02 -0.13926791E-24  0.26016141E-40
  0.12300000E+02 -0.13774949E-24  0.26616897E-40
  0.12400000E+02 -0.13625140E-24  0.27519778E-40
  0.12500000E+02 -0.13477337E-24  0.23345037E-40
  0.12600000E+02 -0.13331517E-24  0.27072541E-40
  0.12700000E+02 -0.13187653E-24  0.26026624E-40
  0.12800000E+02 -0.13045722E-24  0.25388413E-40
  0.12900000E+02 -0.12905699E-24  0.20942468E-40
  0.13000000E+02 -0.12767558E-24  0.26415196E-40
  0.13100000E+02 -0.12631276E-24  0.22787025E-40
  0.13200000E+02 -0.12496826E-24  0.22927654E-40
  0.13300000E+02 -0.12364186E-24  0.20970786E-40
  0.13400000E+02 -0.12233330E-24  0.22312718E-40
  0.13500000E+02 -0.12104235E-24  0.21366943E-40
  0.13600000E+02 -0.11976876E-24  0.21392151E-40
  0.13700000E+02 -0.11851229E-24  0.21537216E-40
  0.13800000E+02 -0.11727271E-24  0.21106486E-40
  0.13900000E+02 -0.11604978E-24  0.20761669E-40
  0.14000000E+02 -0.11484327E-24  0.19953063E-40
  0.14100000E+02 -0.11365295E-24  0.20964409E-40
  0.14200000E+02 -0.11247859E-24  0.20652541E-40
  0.14300000E+02 -0.11131996E-24  0.18384326E-40
  0.14400000E+02 -0.11017683E-24  0.19717395E-40
  0.14500000E+02 -0.10904899E-24  0.20418382E-40
  0.14600000E+02 -0.10793622E-24  0.20003603E-40
  0.14700000E+02 -0.10683829E-24  0.19304461E-40
  0.14800000E+02 -0.10575499E-24  0.18659768E-40
  0.14900000E+02 -0.10468612E-24  0.18778084E-40
  0.15000000E+02 -0.10363145E-24  0.19357295E-40
  0.15100000E+02 -0.10259078E-24  0.19836998E-40
  0.15200000E+02 -0.10156391E-24  0.18729777E-40
  0.15300000E+02 -0.10055063E-24  0.18580773E-40
  0.15400000E+02 -0.99550743E-25  0.17828011E-40
  0.15500000E+02 -0.98564051E-25  0.16104544E-40
  0.15600000E+02 -0.97590359E-25  0.17208665E-40
  0.15700000E+02 -0.96629474E-25  0.17053233E-40
  0.15800000E+02 -0.95681207E-25  0.16274480E-40
  0.15900000E+02 -0.94745370E-25  0.19364048E-40
  0.16000000E+02 -0.93821778E-25  0.16931978E-40
  0.16100000E+02 -0.92910248E-25  0.16915354E-40
  0.16200000E+02 -0.92010602E-25  0.16151336E-40
  0.16300000E+02 -0.91122661E-25  0.16420994E-40
  0.16400000E+02 -0.90246251E-25  0.16534370E-40
  0.16500000E+02 -0.89381200E-25  0.16466782E-40
  0.16600000E+02 -0.88527338E-25  0.15025355E-40
  0.16700000E+02 -0.87684497E-25  0.15153998E-40
  0.16800000E+02 -0.86852514E-25  0.16139589E-40
  0.16900000E+02 -0.86031224E-25  0.15627432E-40
  0.17000000E+02 -0.85220469E-25  0.14855786E-40
  0.17100000E+02 -0.84420091E-25  0.14336688E-40
  0.17200000E+02 -0.83629934E-25  0.14099260E-40
  0.17300000E+02 -0.82849846E-25  0.14732103E-40
  0.17400000E+02 -0.82079676E-25  0.13054999E-40
  0.17500000E+02 -0.81319275E-25  0.13758100E-40
  0.17600000E+02 -0.80568498E-25  0.13750946E-40
  0.17700000E+02 -0.79827201E-25  0.15388051E-40
  0.17800000E+02 -0.79095241E-25  0.14133643E-40
  0.17900000E+02 -0.78372481E-25  0.13542573E-40
  0.18000000E+02 -0.77658782E-25  0.14499192E-40
  0.18100000E+02 -0.76954010E-25  0.13925955E-40
  0.18200000E+02 -0.76258031E-25  0.12753512E-40
  0.18300000E+02 -0.75570715E-25  0.13920676E-40
  0.18400000E+02 -0.74891932E-25  0.13038315E-40
  0.18500000E+02 -0.74221557E-25  0.13231688E-40
  0.18600000E+02 -0.73559463E-25  0.13126362E-40
  0.18700000E+02 -0.72905530E-25  0.13654765E-40
  0.18800000E+02 -0.72259634E-25  0.13195025E-40
  0.18900000E+02 -0.71621659E-25  0.12931266E-40
  0.19000000E+02 -0.70991485E-25  0.13000937E-40
  0.19100000E+02 -0.70369000E-25  0.11908196E-40
  0.19200000E+02 -0.69754088E-25  0.11965863E-40
  0.19300000E+02 -0.69146639E-25  0.10884552E-40
  0.19400000E+02 -0.68546542E-25  0.11499312E-40
  0.19500000E+02 -0.67953691E-25  0.11189176E-40
  0.19600000E+02 -0.67367978E-25  0.10430791E-40
  0.19700000E+02 -0.66789298E-25  0.11502220E-40
  0.19800000E+02 -0.66217551E-25  0.11896470E-40
  0.19900000E+02 -0.65652633E-25  0.10828977E-40
  0.20000000E+02 -0.65094445E-25  0.10672981E-40
  0.20100000E+02 -0.64542891E-25  0.11299824E-40
  0.20200000E+02 -0.63997872E-25  0.11621805E-40
  0.20300000E+02 -0.63459294E-25  0.10082228E-40
  0.20400000E+02 -0.62927065E-25  0.11073480E-40
  0.20500000E+02 -0.62401091E-25  0.10198225E-40
  0.20600000E+02 -0.61881284E-25  0.10203662E-40
  0.20700000E+02 -0.61367554E-25  0.11044672E-40
  0.20800000E+02 -0.60859813E-25  0.11267150E-40
  0.20900000E+02 -0.60357976E-25  0.10497406E-40
  0.21000000E+02 -0.59861958E-25  0.10351684E-40
  0.21100000E+02 -0.59371676E-25  0.11454589E-40
  0.21200000E+02 -0.58887048E-25  0.10026212E-40
  0.21300000E+02 -0.58407993E-25  0.99519209E-41
  0.21400000E+02 -0.57934432E-25  0.11483113E-40
  0.21500000E+02 -0.57466287E-25  0.95461694E-41
  0.21600000E+02 -0.57003481E-25  0.93705831E-41
  0.21700000E+02 -0.56545940E-25  0.97858379E-41
  0.21800000E+02 -0.56093587E-25  0.97014865E-41
  0.21900000E+02 -0.55646351E-25  0.85124304E-41
  0.22000000E+02 -0.55204160E-25  0.96951819E-41
  0.22100000E+02 -0.54766942E-25  0.93231375E-41
  0.22200000E+02 -0.54334628E-25  0.86066736E-41
  0.22300000E+02 -0.53907150E-25  0.83727261E-41
  0.22400000E+02 -0.53484439E-25  0.87593019E-41
  0.22500000E+02 -0.53066431E-25  0.92568926E-41
  0.22600000E+02 -0.52653058E-25  0.94667374E-41
  0.22700000E+02 -0.52244259E-25  0.87568986E-41
  0.22800000E+02 -0.51839968E-25  0.82966909E-41
  0.22900000E+02 -0.51440123E-25  0.83380203E-41
  0.23000000E+02 -0.51044665E-25  0.84975589E-41
  0.23100000E+02 -0.50653531E-25  0.85157846E-41
  0.23200000E+02 -0.50266664E-25  0.86230098E-41
  0.23300000E+02 -0.49884004E-25  0.79458673E-41
  0.23400000E+02 -0.49505494E-25  0.76022663E-41
  0.23500000E+02 -0.49131079E-25  0.79102811E-41
  0.23600000E+02 -0.48760701E-25  0.87280103E-41
  0.23700000E+02 -0.48394306E-25  0.85135876E-41
  0.23800000E+02 -0.48031841E-25  0.78687833E-41
  0.23900000E+02 -0.47673253E-25  0.80735198E-41
  0.24000000E+02 -0.47318488E-25  0.86642618E-41
  0.24100000E+02 -0.46967496E-25  0.83217217E-41
  0.24200000E+02 -0.46620227E-25  0.84168353E-41
  0.24300000E+02 -0.46276630E-25  0.81003826E-41
  0.24400000E+02 -0.45936656E-25  0.73399545E-41
  0.24500000E+02 -0.45600258E-25  0.74774674E-41
  0.24600000E+02 -0.45267387E-25  0.71871678E-41
  0.24700000E+02 -0.44937997E-25  0.76106624E-41
  0.24800000E+02 -0.44612042E-25  0.75572861E-41
  0.24900000E+02 -0.44289476E-25  0.76774374E-41
  0.25000000E+02 -0.43970256E-25  0.78814836E-41
  0.25100000E+02 -0.43654336E-25  0.66304606E-41
  0.25200000E+02 -0.43341674E-25  0.69297814E-41
  0.25300000E+02 -0.43032228E-25  0.75241202E-41
  0.25400000E+02 -0.42725955E-25  0.71929771E-41
  0.25500000E+02 -0.42422813E-25  0.58793322E-41
  0.25600000E+02 -0.42122763E-25  0.69642091E-41
  0.25700000E+02 -0.41825764E-25  0.68317969E-41
  0.25800000E+02 -0.41531777E-25  0.69760446E-41
  0.25900000E+02 -0.41240763E-25  0.74016398E-41
  0.26000000E+02 -0.40952684E-25  0.61976991E-41
  0.26100000E+02 -0.40667502E-25  0.70870504E-41
  0.26200000E+02 -0.40385181E-25  0.69788520E-41
  0.26300000E+02 -0.40105682E-25  0.66970662E-41
  0.26400000E+02 -0.39828972E-25  0.63241995E-41
  0.26500000E+02 -0.39555013E-25  0.63128795E-41
  0.26600000E+02 -0.39283772E-25  0.69223971E-41
  0.26700000E+02 -0.39015214E-25  0.66578102E-41
  0.26800000E+02 -0.38749304E-25  0.60800241E-41
  0.26900000E+02 -0.38486011E-25  0.69118281E-41
  0.27000000E+02 -0.38225300E-25  0.59703755E-41
  0.27100000E+02 -0.37967140E-25  0.62069914E-41
  0.27200000E+02 -0.37711499E-25  0.62393588E-41
  0.27300000E+02 -0.37458345E-25  0.59746962E-41
  0.27400000E+02 -0.37207647E-25  0.59776845E-41
  0.27500000E+02 -0.36959375E-25  0.64073253E-41
  0.27600000E+02 -0.36713499E-25  0.60943769E-41
  0.27700000E+02 -0.36469989E-25  0.63219837E-41
  0.27800000E+02 -0.36228816E-25  0.54943607E-41
  0.27900000E+02 -0.35989952E-25  0.59607290E-41
  0.28000000E+02 -0.35753367E-25  0.63124461E-41
  0.28100000E+02 -0.35519035E-25  0.60361429E-41
  0.28200000E+02 -0.35286928E-25  0.58656500E-41
  0.28300000E+02 -0.35057018E-25  0.59290246E-41
  0.28400000E+02 -0.34829279E-25  0.62267114E-41
  0.28500000E+02 -0.34603684E-25  0.60751141E-41
  0.28600000E+02 -0.34380209E-25  0.53817745E-41
  0.28700000E+02 -0.34158826E-25  0.59261528E-41
  0.28800000E+02 -0.33939512E-25  0.54865971E-41
  0.28900000E+02 -0.33722240E-25  0.56265433E-41
  0.29000000E+02 -0.33506988E-25  0.59686635E-41
  0.29100000E+02 -0.33293730E-25  0.59191356E-41
  0.29200000E+02 -0.33082443E-25  0.54336416E-41
  0.29300000E+02 -0.32873103E-25  0.54856129E-41
  0.29400000E+02 -0.32665688E-25  0.54733466E-41
  0.29500000E+02 -0.32460174E-25  0.54954503E-41
  0.29600000E+02 -0.32256540E-25  0.49522160E-41
  0.29700000E+02 -0.32054762E-25  0.51554734E-41
  0.29800000E+02 -0.31854820E-25  0.49641365E-41
  0.29900000E+02 -0.31656692E-25  0.48352298E-41
  0.30000000E+02 -0.31460356E-25  0.53652571E-41
  0.30100000E+02 -0.31265792E-25  0.49876314E-41
  0.30200000E+02 -0.31072978E-25  0.47658797E-41
  0.30300000E+02 -0.30881896E-25  0.50687740E-41
  0.30400000E+02 -0.30692524E-25  0.54112682E-41
  0.30500000E+02 -0.30504843E-25  0.50890203E-41
  0.30600000E+02 -0.30318834E-25  0.49878269E-41
  0.30700000E+02 -0.30134476E-25  0.52943754E-41
  0.30800000E+02 -0.29951752E-25  0.50151747E-41
  0.30900000E+02 -0.29770643E-25  0.49773778E-41
  0.31000000E+02 -0.29591130E-25  0.42806247E-41
  0.31100000E+02 -0.29413195E-25  0.50599813E-41
  0.31200000E+02 -0.29236820E-25  0.47795352E-41
  0.31300000E+02 -0.29061987E-25  0.43383345E-41
  0.31400000E+02 -0.28888680E-25  0.48593157E-41
  0.31500000E+02 -0.28716880E-25  0.44023819E-41
  0.31600000E+02 -0.28546571E-25  0.49085269E-41
  0.31700000E+02 -0.28377736E-25  0.45525390E-41
  0.31800000E+02 -0.28210359E-25  0.44612299E-41
  0.31900000E+02 -0.28044423E-25  0.44288060E-41
  0.32000000E+02 -0.27879912E-25  0.44285664E-41
  0.32100000E+02 -0.27716811E-25  0.48261803E-41
  0.32200000E+02 -0.27555103E-25  0.48401435E-41
  0.32300000E+02 -0.27394774E-25  0.44954694E-41
  0.32400000E+02 -0.27235808E-25  0.45048563E-41
  0.32500000E+02 -0.27078190E-25  0.42729985E-41
  0.32600000E+02 -0.26921906E-25  0.44766303E-41
  0.32700000E+02 -0.26766940E-25  0.45399411E-41
  0.32800000E+02 -0.26613278E-25  0.43127538E-41
  0.32900000E+02 -0.26460906E-25  0.45528160E-41
  0.33000000E+02 -0.26309810E-25  0.40408953E-41
  0.33100000E+02 -0.26159977E-25  0.45209789E-41
  0.33200000E+02 -0.26011392E-25  0.39804691E-41
  0.33300000E+02 -0.25864041E-25  0.42816300E-41
  0.33400000E+02 -0.25717913E-25  0.40841910E-41
  0.33500000E+02 -0.25572993E-25  0.39739523E-41
  0.33600000E+02 -0.25429268E-25  0.42667122E-41
  0.33700000E+02 -0.25286726E-25  0.42730734E-41
  0.33800000E+02 -0.25145355E-25  0.41284782E-41
  0.33900000E+02 -0.25005140E-25  0.41381114E-41
  0.34000000E+02 -0.24866071E-25  0.40908026E-41
  0.34100000E+02 -0.24728136E-25  0.38833564E-41
  0.34200000E+02 -0.24591321E-25  0.38765959E-41
  0.34300000E+02 -0.24455616E-25  0.44104091E-41
  0.34400000E+02 -0.24321008E-25  0.40631808E-41
  0.34500000E+02 -0.24187486E-25  0.39759068E-41
  0.34600000E+02 -0.24055039E-25  0.42597834E-41
  0.34700000E+02 -0.23923656E-25  0.38354886E-41
  0.34800000E+02 -0.23793324E-25  0.39376937E-41
  0.34900000E+02 -0.23664034E-25  0.38620735E-41
  0.35000000E+02 -0.23535775E-25  0.37867258E-41
  0.35100000E+02 -0.23408535E-25  0.37585094E-41
  0.35200000E+02 -0.23282305E-25  0.40433754E-41
  0.35300000E+02 -0.23157074E-25  0.36758541E-41
  0.35400000E+02 -0.23032831E-25  0.38069699E-41
  0.35500000E+02 -0.22909566E-25  0.39117282E-41
  0.35600000E+02 -0.22787270E-25  0.38679072E-41
  0.35700000E+02 -0.22665932E-25  0.36088452E-41
  0.35800000E+02 -0.22545543E-25  0.37369477E-41
  0.35900000E+02 -0.22426094E-25  0.37709607E-41
  0.36000000E+02 -0.22307573E-25  0.37335303E-41
  0.36100000E+02 -0.22189973E-25  0.32973533E-41
  0.36200000E+02 -0.22073283E-25  0.37045129E-41
  0.36300000E+02 -0.21957495E-25  0.38540741E-41
  0.36400000E+02 -0.21842599E-25  0.33890834E-41
  0.36500000E+02 -0.21728587E-25  0.36291647E-41
  0.36600000E+02 -0.21615449E-25  0.36579541E-41
  0.36700000E+02 -0.21503178E-25  0.34875809E-41
  0.36800000E+02 -0.21391763E-25  0.33291208E-41
  0.36900000E+02 -0.21281198E-25  0.35234372E-41
  0.37000000E+02 -0.21171472E-25  0.34240754E-41
  0.37100000E+02 -0.21062579E-25  0.37395247E-41
  0.37200000E+02 -0.20954509E-25  0.33808758E-41
  0.37300000E+02 -0.20847255E-25  0.37046867E-41
  0.37400000E+02 -0.20740808E-25  0.33803756E-41
  0.37500000E+02 -0.20635161E-25  0.35026709E-41
  0.37600000E+02 -0.20530306E-25  0.35758240E-41
  0.37700000E+02 -0.20426234E-25  0.33122868E-41
  0.37800000E+02 -0.20322939E-25  0.31145913E-41
  0.37900000E+02 -0.20220413E-25  0.31222927E-41
  0.38000000E+02 -0.20118648E-25  0.31074188E-41
  0.38100000E+02 -0.20017637E-25  0.34583060E-41
  0.38200000E+02 -0.19917373E-25  0.35680551E-41
  0.38300000E+02 -0.19817848E-25  0.32301308E-41
  0.38400000E+02 -0.19719056E-25  0.32676204E-41
  0.38500000E+02 -0.19620988E-25  0.31520950E-41
  0.38600000E+02 -0.19523639E-25  0.34053451E-41
  0.38700000E+02 -0.19427002E-25  0.30983266E-41
  0.38800000E+02 -0.19331069E-25  0.31009233E-41
  0.38900000E+02 -0.19235834E-25  0.31029882E-41
  0.39000000E+02 -0.19141290E-25  0.31048928E-41
  0.39100000E+02 -0.19047431E-25  0.32271232E-41
  0.39200000E+02 -0.18954250E-25  0.31366283E-41
  0.39300000E+02 -0.18861741E-25  0.31289320E-41
  0.39400000E+02 -0.18769897E-25  0.30506058E-41
  0.39500000E+02 -0.18678713E-25  0.26827865E-41
  0.39600000E+02 -0.18588181E-25  0.28361065E-41
  0.39700000E+02 -0.18498297E-25  0.30984103E-41
  0.39800000E+02 -0.18409053E-25  0.30199773E-41
  0.39900000E+02 -0.18320444E-25  0.30381970E-41
  0.40000000E+02 -0.18232464E-25  0.26450551E-41
