  0.00000000E+00  0.61180076E-20  0.78843622E-40
  0.10000000E+00  0.61114317E-20 -0.35778068E-40
  0.20000000E+00  0.60918200E-20 -0.32989195E-40
  0.30000000E+00  0.60595146E-20 -0.38709212E-40
  0.40000000E+00  0.60150655E-20 -0.21504059E-40
  0.50000000E+00  0.59592035E-20 -0.51229323E-40
  0.60000000E+00  0.58928054E-20  0.27084265E-42
  0.70000000E+00  0.58168559E-20  0.20514933E-40
  0.80000000E+00  0.57324091E-20 -0.22331063E-40
  0.90000000E+00  0.56405515E-20 -0.29178695E-40
  0.10000000E+01  0.55423700E-20 -0.18504804E-42
  0.11000000E+01  0.54389244E-20  0.45897403E-40
  0.12000000E+01  0.53312259E-20  0.63075850E-41
  0.13000000E+01  0.52202213E-20 -0.37819562E-41
  0.14000000E+01  0.51067827E-20  0.26512896E-40
  0.15000000E+01  0.49917015E-20 -0.15395374E-41
  0.16000000E+01  0.48756860E-20 -0.45169051E-40
  0.17000000E+01  0.47593624E-20 -0.81528485E-40
  0.18000000E+01  0.46432776E-20 -0.68234272E-41
  0.19000000E+01  0.45279034E-20  0.48882243E-40
  0.20000000E+01  0.44136422E-20 -0.18195460E-40
  0.21000000E+01  0.43008329E-20 -0.56878601E-40
  0.22000000E+01  0.41897569E-20  0.29802995E-41
  0.23000000E+01  0.40806444E-20 -0.62188340E-41
  0.24000000E+01  0.39736800E-20  0.13781798E-40
  0.25000000E+01  0.38690087E-20 -0.10977474E-40
  0.26000000E+01  0.37667404E-20  0.64352795E-41
  0.27000000E+01  0.36669552E-20  0.38988564E-40
  0.28000000E+01  0.35697073E-20  0.25895414E-40
  0.29000000E+01  0.34750289E-20 -0.61181901E-41
  0.30000000E+01  0.33829333E-20 -0.15811540E-40
  0.31000000E+01  0.32934183E-20  0.92764395E-41
  0.32000000E+01  0.32064686E-20 -0.39313065E-41
  0.33000000E+01  0.31220580E-20 -0.32759918E-41
  0.34000000E+01  0.30401513E-20  0.14808749E-41
  0.35000000E+01  0.29607062E-20  0.12133252E-41
  0.36000000E+01  0.28836746E-20 -0.23777390E-40
  0.37000000E+01  0.28090041E-20 -0.15035327E-40
  0.38000000E+01  0.27366386E-20 -0.78680075E-41
  0.39000000E+01  0.26665197E-20  0.24372675E-42
  0.40000000E+01  0.25985870E-20 -0.11049803E-40
  0.41000000E+01  0.25327791E-20 -0.15292642E-41
  0.42000000E+01  0.24690343E-20 -0.49200349E-41
  0.43000000E+01  0.24072902E-20 -0.41018168E-41
  0.44000000E+01  0.23474852E-20 -0.12748180E-40
  0.45000000E+01  0.22895578E-20  0.95063730E-41
  0.46000000E+01  0.22334477E-20 -0.34214055E-41
  0.47000000E+01  0.21790954E-20  0.12645504E-40
  0.48000000E+01  0.21264425E-20  0.23038925E-40
  0.49000000E+01  0.20754321E-20 -0.15994193E-40
  0.50000000E+01  0.20260085E-20 -0.56809016E-41
  0.51000000E+01  0.19781176E-20 -0.22898951E-40
  0.52000000E+01  0.19317066E-20  0.10901018E-40
  0.53000000E+01  0.18867246E-20 -0.10618946E-40
  0.54000000E+01  0.18431219E-20  0.10824386E-40
  0.55000000E+01  0.18008505E-20  0.17442671E-42
  0.56000000E+01  0.17598641E-20  0.27199086E-41
  0.57000000E+01  0.17201178E-20  0.17683483E-41
  0.58000000E+01  0.16815681E-20  0.98540143E-41
  0.59000000E+01  0.16441734E-20  0.86960808E-41
  0.60000000E+01  0.16078931E-20  0.10184548E-40
  0.61000000E+01  0.15726885E-20 -0.29414804E-41
  0.62000000E+01  0.15385218E-20 -0.12814015E-40
  0.63000000E+01  0.15053571E-20 -0.12144664E-40
  0.64000000E+01  0.14731594E-20 -0.17005587E-41
  0.65000000E+01  0.14418952E-20 -0.82236276E-41
  0.66000000E+01  0.14115322E-20 -0.30349667E-41
  0.67000000E+01  0.13820393E-20  0.30849386E-41
  0.68000000E+01  0.13533865E-20  0.33961814E-41
  0.69000000E+01  0.13255451E-20 -0.31335795E-41
  0.70000000E+01  0.12984873E-20  0.62077623E-41
  0.71000000E+01  0.12721865E-20  0.43181906E-41
  0.72000000E+01  0.12466170E-20 -0.28860994E-41
  0.73000000E+01  0.12217540E-20 -0.47885623E-41
  0.74000000E+01  0.11975738E-20 -0.49833122E-41
  0.75000000E+01  0.11740535E-20  0.70829595E-42
  0.76000000E+01  0.11511711E-20  0.11642613E-40
  0.77000000E+01  0.11289054E-20 -0.70983012E-41
  0.78000000E+01  0.11072360E-20 -0.24383322E-41
  0.79000000E+01  0.10861434E-20  0.10383057E-41
  0.80000000E+01  0.10656085E-20 -0.17294073E-41
  0.81000000E+01  0.10456133E-20 -0.31325843E-41
  0.82000000E+01  0.10261402E-20  0.48550422E-42
  0.83000000E+01  0.10071723E-20  0.26707371E-41
  0.84000000E+01  0.98869353E-21 -0.42819477E-41
  0.85000000E+01  0.97068815E-21 -0.74256238E-41
  0.86000000E+01  0.95314112E-21 -0.58867237E-41
  0.87000000E+01  0.93603796E-21 -0.91169098E-41
  0.88000000E+01  0.91936468E-21 -0.72373118E-42
  0.89000000E+01  0.90310784E-21 -0.45376602E-41
  0.90000000E+01  0.88725447E-21  0.79889495E-41
  0.91000000E+01  0.87179206E-21 -0.63694526E-41
  0.92000000E+01  0.85670856E-21  0.19512288E-41
  0.93000000E+01  0.84199237E-21  0.17779850E-41
  0.94000000E+01  0.82763228E-21 -0.11198680E-42
  0.95000000E+01  0.81361749E-21  0.62294356E-41
  0.96000000E+01  0.79993759E-21  0.12741670E-41
  0.97000000E+01  0.78658253E-21  0.54143456E-41
  0.98000000E+01  0.77354261E-21  0.10243735E-41
  0.99000000E+01  0.76080848E-21  0.56535953E-41
  0.10000000E+02  0.74837111E-21  0.16506085E-41
  0.10100000E+02  0.73622179E-21  0.16553366E-41
  0.10200000E+02  0.72435211E-21 -0.63102276E-42
  0.10300000E+02  0.71275394E-21 -0.29375913E-42
  0.10400000E+02  0.70141944E-21 -0.28401879E-41
  0.10500000E+02  0.69034103E-21  0.32698978E-41
  0.10600000E+02  0.67951141E-21  0.28543540E-41
  0.10700000E+02  0.66892348E-21  0.91752539E-42
  0.10800000E+02  0.65857043E-21  0.51002287E-42
  0.10900000E+02  0.64844565E-21 -0.39033513E-41
  0.11000000E+02  0.63854276E-21 -0.22611433E-41
  0.11100000E+02  0.62885558E-21  0.20953688E-41
  0.11200000E+02  0.61937815E-21  0.37717149E-41
  0.11300000E+02  0.61010469E-21 -0.43707020E-42
  0.11400000E+02  0.60102964E-21  0.25610300E-41
  0.11500000E+02  0.59214757E-21  0.59994075E-42
  0.11600000E+02  0.58345328E-21  0.28368591E-41
  0.11700000E+02  0.57494171E-21  0.14954063E-41
  0.11800000E+02  0.56660795E-21  0.12301261E-41
  0.11900000E+02  0.55844728E-21 -0.22748107E-41
  0.12000000E+02  0.55045511E-21 -0.22229595E-41
  0.12100000E+02  0.54262700E-21 -0.54188416E-42
  0.12200000E+02  0.53495865E-21 -0.41656790E-41
  0.12300000E+02  0.52744588E-21  0.43197466E-42
  0.12400000E+02  0.52008467E-21  0.28728351E-41
  0.12500000E+02  0.51287111E-21  0.10585754E-41
  0.12600000E+02  0.50580140E-21 -0.32150285E-41
  0.12700000E+02  0.49887187E-21  0.10327754E-41
  0.12800000E+02  0.49207897E-21 -0.36509223E-41
  0.12900000E+02  0.48541924E-21 -0.19530691E-41
  0.13000000E+02  0.47888933E-21  0.38101394E-41
  0.13100000E+02  0.47248601E-21  0.49235025E-41
  0.13200000E+02  0.46620611E-21  0.55329696E-43
  0.13300000E+02  0.46004659E-21 -0.14972241E-41
  0.13400000E+02  0.45400448E-21 -0.13607833E-41
  0.13500000E+02  0.44807691E-21 -0.36340504E-41
  0.13600000E+02  0.44226109E-21 -0.54735099E-44
  0.13700000E+02  0.43655431E-21  0.33047294E-42
  0.13800000E+02  0.43095394E-21  0.50405078E-41
  0.13900000E+02  0.42545742E-21  0.40097136E-42
  0.14000000E+02  0.42006229E-21  0.29289117E-41
  0.14100000E+02  0.41476612E-21 -0.11866598E-41
  0.14200000E+02  0.40956659E-21  0.19786497E-41
  0.14300000E+02  0.40446142E-21 -0.22669724E-41
  0.14400000E+02  0.39944840E-21  0.20232189E-41
  0.14500000E+02  0.39452539E-21 -0.11658821E-41
  0.14600000E+02  0.38969030E-21  0.44279417E-41
  0.14700000E+02  0.38494111E-21  0.27725543E-41
  0.14800000E+02  0.38027586E-21 -0.12961684E-41
  0.14900000E+02  0.37569261E-21 -0.15117385E-41
  0.15000000E+02  0.37118952E-21 -0.21080478E-41
  0.15100000E+02  0.36676476E-21  0.40984814E-41
  0.15200000E+02  0.36241659E-21  0.14097875E-41
  0.15300000E+02  0.35814328E-21 -0.19135722E-41
  0.15400000E+02  0.35394318E-21 -0.16662669E-41
  0.15500000E+02  0.34981465E-21  0.11843278E-42
  0.15600000E+02  0.34575612E-21 -0.18633697E-41
  0.15700000E+02  0.34176605E-21 -0.13750667E-41
  0.15800000E+02  0.33784296E-21  0.34446133E-42
  0.15900000E+02  0.33398538E-21 -0.19427276E-41
  0.16000000E+02  0.33019189E-21  0.34091894E-41
  0.16100000E+02  0.32646112E-21 -0.27008646E-41
  0.16200000E+02  0.32279172E-21 -0.65487753E-43
  0.16300000E+02  0.31918239E-21  0.93042915E-42
  0.16400000E+02  0.31563185E-21 -0.20385013E-42
  0.16500000E+02  0.31213886E-21 -0.83299841E-42
  0.16600000E+02  0.30870220E-21  0.68847253E-42
  0.16700000E+02  0.30532071E-21  0.17073909E-43
  0.16800000E+02  0.30199322E-21  0.90436663E-42
  0.16900000E+02  0.29871862E-21  0.94101459E-42
  0.17000000E+02  0.29549583E-21  0.97017391E-42
  0.17100000E+02  0.29232377E-21  0.68104360E-42
  0.17200000E+02  0.28920140E-21  0.20735678E-41
  0.17300000E+02  0.28612772E-21 -0.40669767E-42
  0.17400000E+02  0.28310174E-21 -0.42114402E-42
  0.17500000E+02  0.28012250E-21  0.29702986E-41
  0.17600000E+02  0.27718906E-21 -0.25638238E-42
  0.17700000E+02  0.27430050E-21 -0.10845950E-41
  0.17800000E+02  0.27145593E-21  0.26200268E-41
  0.17900000E+02  0.26865448E-21 -0.25369001E-41
  0.18000000E+02  0.26589529E-21 -0.22845824E-42
  0.18100000E+02  0.26317755E-21  0.22588763E-42
  0.18200000E+02  0.26050043E-21 -0.13250796E-41
  0.18300000E+02  0.25786315E-21 -0.21019548E-41
  0.18400000E+02  0.25526494E-21 -0.66994505E-42
  0.18500000E+02  0.25270503E-21  0.17103336E-41
  0.18600000E+02  0.25018271E-21 -0.10686129E-41
  0.18700000E+02  0.24769724E-21 -0.26945687E-41
  0.18800000E+02  0.24524793E-21  0.18983469E-42
  0.18900000E+02  0.24283408E-21  0.10007551E-41
  0.19000000E+02  0.24045504E-21 -0.31407808E-41
  0.19100000E+02  0.23811014E-21 -0.91355788E-42
  0.19200000E+02  0.23579875E-21  0.89914056E-42
  0.19300000E+02  0.23352025E-21 -0.88326734E-42
  0.19400000E+02  0.23127401E-21 -0.86540098E-43
  0.19500000E+02  0.22905946E-21  0.39024603E-45
  0.19600000E+02  0.22687599E-21  0.15114839E-42
  0.19700000E+02  0.22472305E-21  0.17701496E-42
  0.19800000E+02  0.22260008E-21 -0.69171084E-42
  0.19900000E+02  0.22050653E-21 -0.87883718E-42
  0.20000000E+02  0.21844187E-21 -0.11226756E-41
  0.20100000E+02  0.21640558E-21 -0.15462089E-41
  0.20200000E+02  0.21439715E-21  0.93976699E-42
  0.20300000E+02  0.21241608E-21 -0.12466651E-41
  0.20400000E+02  0.21046188E-21  0.14027062E-41
  0.20500000E+02  0.20853409E-21 -0.41519899E-42
  0.20600000E+02  0.20663222E-21  0.21753305E-41
  0.20700000E+02  0.20475584E-21 -0.98580258E-43
  0.20800000E+02  0.20290448E-21  0.11052217E-41
  0.20900000E+02  0.20107772E-21 -0.15498751E-41
  0.21000000E+02  0.19927513E-21  0.24826780E-42
  0.21100000E+02  0.19749628E-21  0.20252913E-41
  0.21200000E+02  0.19574078E-21 -0.78459680E-42
  0.21300000E+02  0.19400821E-21  0.48348753E-42
  0.21400000E+02  0.19229819E-21 -0.58177588E-42
  0.21500000E+02  0.19061034E-21 -0.19248670E-42
  0.21600000E+02  0.18894427E-21  0.31131108E-42
  0.21700000E+02  0.18729962E-21 -0.12209175E-41
  0.21800000E+02  0.18567603E-21 -0.44253124E-42
  0.21900000E+02  0.18407315E-21  0.12544921E-41
  0.22000000E+02  0.18249062E-21  0.52560057E-42
  0.22100000E+02  0.18092812E-21 -0.73898182E-42
  0.22200000E+02  0.17938531E-21 -0.13439853E-41
  0.22300000E+02  0.17786186E-21 -0.13883097E-41
  0.22400000E+02  0.17635746E-21 -0.63165776E-42
  0.22500000E+02  0.17487179E-21  0.62599934E-42
  0.22600000E+02  0.17340455E-21  0.98102423E-42
  0.22700000E+02  0.17195544E-21  0.19746517E-42
  0.22800000E+02  0.17052417E-21  0.10120198E-41
  0.22900000E+02  0.16911044E-21  0.98365913E-42
  0.23000000E+02  0.16771398E-21  0.41173791E-42
  0.23100000E+02  0.16633451E-21  0.75010598E-43
  0.23200000E+02  0.16497176E-21  0.20980482E-42
  0.23300000E+02  0.16362547E-21  0.21050468E-42
  0.23400000E+02  0.16229536E-21 -0.57131571E-42
  0.23500000E+02  0.16098119E-21  0.28789507E-42
  0.23600000E+02  0.15968271E-21  0.79280956E-43
  0.23700000E+02  0.15839967E-21 -0.51715515E-42
  0.23800000E+02  0.15713183E-21  0.11617823E-41
  0.23900000E+02  0.15587896E-21  0.91598670E-42
  0.24000000E+02  0.15464082E-21 -0.87330818E-42
  0.24100000E+02  0.15341718E-21 -0.20912991E-42
  0.24200000E+02  0.15220782E-21  0.93593483E-43
  0.24300000E+02  0.15101253E-21  0.34629318E-42
  0.24400000E+02  0.14983109E-21 -0.96019728E-43
  0.24500000E+02  0.14866328E-21 -0.42797687E-42
  0.24600000E+02  0.14750890E-21 -0.12887057E-41
  0.24700000E+02  0.14636776E-21 -0.39662377E-42
  0.24800000E+02  0.14523964E-21 -0.55310470E-42
  0.24900000E+02  0.14412436E-21 -0.10159846E-41
  0.25000000E+02  0.14302172E-21  0.35518168E-42
  0.25100000E+02  0.14193153E-21 -0.70317352E-42
  0.25200000E+02  0.14085362E-21 -0.86720432E-42
  0.25300000E+02  0.13978779E-21 -0.12663772E-41
  0.25400000E+02  0.13873387E-21  0.20323806E-42
  0.25500000E+02  0.13769169E-21 -0.89604232E-43
  0.25600000E+02  0.13666107E-21  0.20023893E-42
  0.25700000E+02  0.13564184E-21 -0.59776439E-43
  0.25800000E+02  0.13463385E-21 -0.10712599E-41
  0.25900000E+02  0.13363692E-21 -0.60085196E-42
  0.26000000E+02  0.13265090E-21  0.24604994E-42
  0.26100000E+02  0.13167563E-21  0.24703081E-42
  0.26200000E+02  0.13071095E-21  0.27276497E-42
  0.26300000E+02  0.12975672E-21 -0.41336883E-42
  0.26400000E+02  0.12881278E-21  0.17068088E-42
  0.26500000E+02  0.12787900E-21 -0.36734000E-42
  0.26600000E+02  0.12695522E-21 -0.43078675E-44
  0.26700000E+02  0.12604131E-21 -0.15933910E-42
  0.26800000E+02  0.12513712E-21 -0.10930800E-41
  0.26900000E+02  0.12424253E-21  0.62062120E-42
  0.27000000E+02  0.12335739E-21 -0.26078678E-42
  0.27100000E+02  0.12248158E-21  0.44733751E-43
  0.27200000E+02  0.12161496E-21 -0.33186325E-42
  0.27300000E+02  0.12075741E-21  0.11234932E-41
  0.27400000E+02  0.11990881E-21 -0.61094096E-42
  0.27500000E+02  0.11906903E-21  0.29911602E-42
  0.27600000E+02  0.11823795E-21  0.66351968E-42
  0.27700000E+02  0.11741545E-21 -0.76027200E-42
  0.27800000E+02  0.11660142E-21 -0.15490221E-42
  0.27900000E+02  0.11579574E-21  0.43820946E-42
  0.28000000E+02  0.11499829E-21 -0.41019560E-42
  0.28100000E+02  0.11420898E-21 -0.73028572E-43
  0.28200000E+02  0.11342768E-21 -0.17280817E-42
  0.28300000E+02  0.11265429E-21 -0.23045241E-42
  0.28400000E+02  0.11188871E-21 -0.61458466E-42
  0.28500000E+02  0.11113083E-21 -0.18393592E-42
  0.28600000E+02  0.11038055E-21  0.12099735E-42
  0.28700000E+02  0.10963777E-21 -0.45962085E-42
  0.28800000E+02  0.10890239E-21  0.64144391E-42
  0.28900000E+02  0.10817431E-21  0.83100928E-43
  0.29000000E+02  0.10745345E-21 -0.19260791E-42
  0.29100000E+02  0.10673969E-21  0.94630129E-42
  0.29200000E+02  0.10603296E-21 -0.39013813E-42
  0.29300000E+02  0.10533316E-21  0.16696447E-42
  0.29400000E+02  0.10464020E-21  0.83496537E-43
  0.29500000E+02  0.10395399E-21 -0.25562734E-42
  0.29600000E+02  0.10327445E-21  0.17997898E-42
  0.29700000E+02  0.10260149E-21  0.11349387E-41
  0.29800000E+02  0.10193503E-21 -0.25369556E-42
  0.29900000E+02  0.10127498E-21  0.40795293E-42
  0.30000000E+02  0.10062126E-21  0.17543188E-41
  0.30100000E+02  0.99973798E-22  0.30996151E-42
  0.30200000E+02  0.99332509E-22 -0.37064707E-42
  0.30300000E+02  0.98697316E-22 -0.22656565E-42
  0.30400000E+02  0.98068144E-22  0.67107023E-43
  0.30500000E+02  0.97444916E-22 -0.31882079E-42
  0.30600000E+02  0.96827559E-22  0.74160165E-42
  0.30700000E+02  0.96216000E-22 -0.10904106E-42
  0.30800000E+02  0.95610167E-22  0.24093490E-42
  0.30900000E+02  0.95009990E-22 -0.32138792E-42
  0.31000000E+02  0.94415398E-22  0.33057121E-42
  0.31100000E+02  0.93826324E-22  0.77049381E-42
  0.31200000E+02  0.93242699E-22 -0.48031326E-42
  0.31300000E+02  0.92664458E-22  0.25623695E-42
  0.31400000E+02  0.92091534E-22  0.13328870E-42
  0.31500000E+02  0.91523864E-22 -0.45762533E-42
  0.31600000E+02  0.90961383E-22 -0.12793030E-42
  0.31700000E+02  0.90404030E-22  0.65321733E-43
  0.31800000E+02  0.89851742E-22 -0.16607772E-42
  0.31900000E+02  0.89304459E-22 -0.37811104E-42
  0.32000000E+02  0.88762120E-22 -0.47978359E-42
  0.32100000E+02  0.88224668E-22  0.70547605E-42
  0.32200000E+02  0.87692044E-22  0.99657036E-43
  0.32300000E+02  0.87164190E-22 -0.60567734E-42
  0.32400000E+02  0.86641051E-22  0.81454390E-42
  0.32500000E+02  0.86122570E-22 -0.46604157E-42
  0.32600000E+02  0.85608694E-22  0.60080685E-42
  0.32700000E+02  0.85099368E-22 -0.44359540E-42
  0.32800000E+02  0.84594538E-22 -0.21285633E-42
  0.32900000E+02  0.84094153E-22  0.18616217E-42
  0.33000000E+02  0.83598161E-22 -0.90037229E-43
  0.33100000E+02  0.83106511E-22 -0.51996527E-42
  0.33200000E+02  0.82619152E-22  0.57777135E-42
  0.33300000E+02  0.82136036E-22 -0.41620452E-43
  0.33400000E+02  0.81657114E-22  0.15075491E-42
  0.33500000E+02  0.81182337E-22  0.60621603E-42
  0.33600000E+02  0.80711658E-22  0.58997149E-42
  0.33700000E+02  0.80245031E-22 -0.10089278E-43
  0.33800000E+02  0.79782409E-22  0.41139710E-42
  0.33900000E+02  0.79323747E-22  0.78487574E-42
  0.34000000E+02  0.78869000E-22 -0.37144164E-42
  0.34100000E+02  0.78418125E-22  0.30863119E-42
  0.34200000E+02  0.77971077E-22  0.15726078E-42
  0.34300000E+02  0.77527813E-22  0.35051411E-42
  0.34400000E+02  0.77088293E-22  0.27464295E-42
  0.34500000E+02  0.76652472E-22  0.39592993E-42
  0.34600000E+02  0.76220312E-22  0.12843024E-42
  0.34700000E+02  0.75791770E-22 -0.78527155E-43
  0.34800000E+02  0.75366807E-22 -0.10038016E-43
  0.34900000E+02  0.74945384E-22 -0.59755720E-44
  0.35000000E+02  0.74527461E-22 -0.11779357E-42
  0.35100000E+02  0.74113000E-22  0.25021211E-42
  0.35200000E+02  0.73701963E-22 -0.68621342E-42
  0.35300000E+02  0.73294314E-22  0.13006970E-42
  0.35400000E+02  0.72890014E-22  0.19777144E-42
  0.35500000E+02  0.72489027E-22 -0.37998364E-42
  0.35600000E+02  0.72091319E-22 -0.11126241E-42
  0.35700000E+02  0.71696852E-22 -0.16696041E-42
  0.35800000E+02  0.71305593E-22  0.61253055E-42
  0.35900000E+02  0.70917507E-22  0.78015023E-43
  0.36000000E+02  0.70532560E-22  0.77859414E-42
  0.36100000E+02  0.70150718E-22  0.12262909E-42
  0.36200000E+02  0.69771949E-22 -0.23485867E-42
  0.36300000E+02  0.69396219E-22 -0.10930127E-43
  0.36400000E+02  0.69023496E-22 -0.14433238E-42
  0.36500000E+02  0.68653749E-22  0.10139527E-42
  0.36600000E+02  0.68286946E-22 -0.11170272E-42
  0.36700000E+02  0.67923056E-22 -0.29564524E-42
  0.36800000E+02  0.67562049E-22 -0.45927816E-42
  0.36900000E+02  0.67203894E-22 -0.55090850E-43
  0.37000000E+02  0.66848561E-22 -0.53362269E-42
  0.37100000E+02  0.66496022E-22  0.10444080E-42
  0.37200000E+02  0.66146247E-22 -0.61720496E-44
  0.37300000E+02  0.65799208E-22  0.84057545E-43
  0.37400000E+02  0.65454876E-22 -0.18563011E-42
  0.37500000E+02  0.65113223E-22 -0.68415337E-42
  0.37600000E+02  0.64774222E-22  0.79491714E-42
  0.37700000E+02  0.64437845E-22 -0.67576283E-42
  0.37800000E+02  0.64104066E-22 -0.41261155E-42
  0.37900000E+02  0.63772858E-22  0.69770331E-43
  0.38000000E+02  0.63444195E-22  0.30951575E-44
  0.38100000E+02  0.63118051E-22  0.49955336E-42
  0.38200000E+02  0.62794401E-22  0.36343017E-42
  0.38300000E+02  0.62473219E-22 -0.86127862E-43
  0.38400000E+02  0.62154481E-22  0.38771402E-42
  0.38500000E+02  0.61838161E-22  0.36464265E-42
  0.38600000E+02  0.61524236E-22  0.27295258E-42
  0.38700000E+02  0.61212682E-22 -0.64407725E-43
  0.38800000E+02  0.60903474E-22  0.47655762E-42
  0.38900000E+02  0.60596590E-22 -0.30203409E-42
  0.39000000E+02  0.60292007E-22 -0.53118877E-43
  0.39100000E+02  0.59989701E-22  0.33069170E-42
  0.39200000E+02  0.59689650E-22 -0.25855145E-43
  0.39300000E+02  0.59391832E-22  0.18087503E-42
  0.39400000E+02  0.59096225E-22 -0.14091936E-42
  0.39500000E+02  0.58802807E-22 -0.57179454E-42
  0.39600000E+02  0.58511557E-22 -0.42046620E-42
  0.39700000E+02  0.58222453E-22 -0.23841835E-42
  0.39800000E+02  0.57935475E-22  0.12889444E-42
  0.39900000E+02  0.57650602E-22  0.47359691E-42
  0.40000000E+02  0.57367814E-22 -0.31726353E-42
