  0.00000000E+00  0.53389817E-24 -0.13706311E-39
  0.10000000E+00  0.53377645E-24 -0.14061140E-39
  0.20000000E+00  0.53341167E-24 -0.12493957E-39
  0.30000000E+00  0.53280506E-24 -0.14551999E-39
  0.40000000E+00  0.53195867E-24 -0.13937486E-39
  0.50000000E+00  0.53087530E-24 -0.15774132E-39
  0.60000000E+00  0.52955856E-24 -0.17352768E-39
  0.70000000E+00  0.52801278E-24 -0.17235583E-39
  0.80000000E+00  0.52624300E-24 -0.14984483E-39
  0.90000000E+00  0.52425494E-24 -0.19179571E-39
  0.10000000E+01  0.52205493E-24 -0.18310537E-39
  0.11000000E+01  0.51964986E-24 -0.17598875E-39
  0.12000000E+01  0.51704713E-24 -0.21946872E-39
  0.13000000E+01  0.51425456E-24 -0.21754570E-39
  0.14000000E+01  0.51128037E-24 -0.23252552E-39
  0.15000000E+01  0.50813308E-24 -0.21974328E-39
  0.16000000E+01  0.50482144E-24 -0.25952570E-39
  0.17000000E+01  0.50135440E-24 -0.21726107E-39
  0.18000000E+01  0.49774098E-24 -0.25993791E-39
  0.19000000E+01  0.49399030E-24 -0.26136944E-39
  0.20000000E+01  0.49011143E-24 -0.26054453E-39
  0.21000000E+01  0.48611343E-24 -0.26179152E-39
  0.22000000E+01  0.48200522E-24 -0.25160411E-39
  0.23000000E+01  0.47779560E-24 -0.25655657E-39
  0.24000000E+01  0.47349318E-24 -0.26034697E-39
  0.25000000E+01  0.46910635E-24 -0.26562311E-39
  0.26000000E+01  0.46464328E-24 -0.24530041E-39
  0.27000000E+01  0.46011187E-24 -0.26521795E-39
  0.28000000E+01  0.45551976E-24 -0.26319093E-39
  0.29000000E+01  0.45087428E-24 -0.25501798E-39
  0.30000000E+01  0.44618247E-24 -0.24808628E-39
  0.31000000E+01  0.44145109E-24 -0.23754175E-39
  0.32000000E+01  0.43668656E-24 -0.23869432E-39
  0.33000000E+01  0.43189501E-24 -0.23387001E-39
  0.34000000E+01  0.42708227E-24 -0.23635103E-39
  0.35000000E+01  0.42225384E-24 -0.24394306E-39
  0.36000000E+01  0.41741496E-24 -0.22046397E-39
  0.37000000E+01  0.41257055E-24 -0.23412186E-39
  0.38000000E+01  0.40772527E-24 -0.21848272E-39
  0.39000000E+01  0.40288348E-24 -0.21100334E-39
  0.40000000E+01  0.39804929E-24 -0.20397994E-39
  0.41000000E+01  0.39322655E-24 -0.20068909E-39
  0.42000000E+01  0.38841886E-24 -0.20196142E-39
  0.43000000E+01  0.38362957E-24 -0.19782591E-39
  0.44000000E+01  0.37886181E-24 -0.20020604E-39
  0.45000000E+01  0.37411849E-24 -0.18448123E-39
  0.46000000E+01  0.36940231E-24 -0.17471357E-39
  0.47000000E+01  0.36471578E-24 -0.17490794E-39
  0.48000000E+01  0.36006118E-24 -0.17173409E-39
  0.49000000E+01  0.35544066E-24 -0.17517123E-39
  0.50000000E+01  0.35085616E-24 -0.17250739E-39
  0.51000000E+01  0.34630947E-24 -0.15818722E-39
  0.52000000E+01  0.34180222E-24 -0.15068191E-39
  0.53000000E+01  0.33733589E-24 -0.14559414E-39
  0.54000000E+01  0.33291183E-24 -0.15062787E-39
  0.55000000E+01  0.32853124E-24 -0.14957752E-39
  0.56000000E+01  0.32419520E-24 -0.15263710E-39
  0.57000000E+01  0.31990469E-24 -0.13788763E-39
  0.58000000E+01  0.31566055E-24 -0.13149804E-39
  0.59000000E+01  0.31146355E-24 -0.13331088E-39
  0.60000000E+01  0.30731431E-24 -0.12169499E-39
  0.61000000E+01  0.30321341E-24 -0.12496852E-39
  0.62000000E+01  0.29916131E-24 -0.11869711E-39
  0.63000000E+01  0.29515840E-24 -0.11926722E-39
  0.64000000E+01  0.29120499E-24 -0.11704304E-39
  0.65000000E+01  0.28730132E-24 -0.11553334E-39
  0.66000000E+01  0.28344755E-24 -0.11207347E-39
  0.67000000E+01  0.27964379E-24 -0.10609612E-39
  0.68000000E+01  0.27589009E-24 -0.10031665E-39
  0.69000000E+01  0.27218644E-24 -0.10423401E-39
  0.70000000E+01  0.26853279E-24 -0.11207564E-39
  0.71000000E+01  0.26492903E-24 -0.93515376E-40
  0.72000000E+01  0.26137500E-24 -0.92002442E-40
  0.73000000E+01  0.25787052E-24 -0.95997276E-40
  0.74000000E+01  0.25441536E-24 -0.91684550E-40
  0.75000000E+01  0.25100924E-24 -0.84588083E-40
  0.76000000E+01  0.24765189E-24 -0.84704327E-40
  0.77000000E+01  0.24434296E-24 -0.82694411E-40
  0.78000000E+01  0.24108211E-24 -0.86495389E-40
  0.79000000E+01  0.23786896E-24 -0.82355883E-40
  0.80000000E+01  0.23470310E-24 -0.78696424E-40
  0.81000000E+01  0.23158411E-24 -0.84045663E-40
  0.82000000E+01  0.22851156E-24 -0.77452953E-40
  0.83000000E+01  0.22548498E-24 -0.72594242E-40
  0.84000000E+01  0.22250390E-24 -0.81652508E-40
  0.85000000E+01  0.21956784E-24 -0.70323874E-40
  0.86000000E+01  0.21667629E-24 -0.67512822E-40
  0.87000000E+01  0.21382875E-24 -0.69451214E-40
  0.88000000E+01  0.21102470E-24 -0.66443621E-40
  0.89000000E+01  0.20826361E-24 -0.64923250E-40
  0.90000000E+01  0.20554494E-24 -0.60200845E-40
  0.91000000E+01  0.20286816E-24 -0.61535200E-40
  0.92000000E+01  0.20023273E-24 -0.61505958E-40
  0.93000000E+01  0.19763809E-24 -0.55708679E-40
  0.94000000E+01  0.19508369E-24 -0.57611855E-40
  0.95000000E+01  0.19256898E-24 -0.54218991E-40
  0.96000000E+01  0.19009341E-24 -0.54405741E-40
  0.97000000E+01  0.18765642E-24 -0.53319619E-40
  0.98000000E+01  0.18525745E-24 -0.55146835E-40
  0.99000000E+01  0.18289596E-24 -0.52347142E-40
  0.10000000E+02  0.18057138E-24 -0.49132490E-40
  0.10100000E+02  0.17828317E-24 -0.44146613E-40
  0.10200000E+02  0.17603077E-24 -0.46867117E-40
  0.10300000E+02  0.17381365E-24 -0.46299732E-40
  0.10400000E+02  0.17163126E-24 -0.45341440E-40
  0.10500000E+02  0.16948305E-24 -0.45233298E-40
  0.10600000E+02  0.16736850E-24 -0.43659163E-40
  0.10700000E+02  0.16528708E-24 -0.40034364E-40
  0.10800000E+02  0.16323824E-24 -0.43519526E-40
  0.10900000E+02  0.16122148E-24 -0.39694519E-40
  0.11000000E+02  0.15923628E-24 -0.44033340E-40
  0.11100000E+02  0.15728212E-24 -0.42469553E-40
  0.11200000E+02  0.15535850E-24 -0.37863886E-40
  0.11300000E+02  0.15346492E-24 -0.36528944E-40
  0.11400000E+02  0.15160088E-24 -0.37819777E-40
  0.11500000E+02  0.14976590E-24 -0.36629556E-40
  0.11600000E+02  0.14795949E-24 -0.37522397E-40
  0.11700000E+02  0.14618117E-24 -0.36913747E-40
  0.11800000E+02  0.14443047E-24 -0.37957338E-40
  0.11900000E+02  0.14270694E-24 -0.36653074E-40
  0.12000000E+02  0.14101010E-24 -0.36783388E-40
  0.12100000E+02  0.13933952E-24 -0.32301698E-40
  0.12200000E+02  0.13769474E-24 -0.33212686E-40
  0.12300000E+02  0.13607532E-24 -0.33359076E-40
  0.12400000E+02  0.13448084E-24 -0.34043246E-40
  0.12500000E+02  0.13291086E-24 -0.30780346E-40
  0.12600000E+02  0.13136498E-24 -0.30030481E-40
  0.12700000E+02  0.12984276E-24 -0.30719872E-40
  0.12800000E+02  0.12834382E-24 -0.30612914E-40
  0.12900000E+02  0.12686774E-24 -0.29285775E-40
  0.13000000E+02  0.12541414E-24 -0.28851430E-40
  0.13100000E+02  0.12398263E-24 -0.29400016E-40
  0.13200000E+02  0.12257282E-24 -0.26635942E-40
  0.13300000E+02  0.12118434E-24 -0.26710079E-40
  0.13400000E+02  0.11981683E-24 -0.27013027E-40
  0.13500000E+02  0.11846991E-24 -0.25314796E-40
  0.13600000E+02  0.11714324E-24 -0.28171671E-40
  0.13700000E+02  0.11583646E-24 -0.25831754E-40
  0.13800000E+02  0.11454923E-24 -0.26650724E-40
  0.13900000E+02  0.11328122E-24 -0.26235682E-40
  0.14000000E+02  0.11203208E-24 -0.24669175E-40
  0.14100000E+02  0.11080149E-24 -0.23631993E-40
  0.14200000E+02  0.10958914E-24 -0.22024538E-40
  0.14300000E+02  0.10839470E-24 -0.22552647E-40
  0.14400000E+02  0.10721786E-24 -0.21079926E-40
  0.14500000E+02  0.10605833E-24 -0.22566232E-40
  0.14600000E+02  0.10491580E-24 -0.22018579E-40
  0.14700000E+02  0.10378998E-24 -0.23183707E-40
  0.14800000E+02  0.10268058E-24 -0.22614314E-40
  0.14900000E+02  0.10158732E-24 -0.21391971E-40
  0.15000000E+02  0.10050992E-24 -0.21222985E-40
  0.15100000E+02  0.99448112E-25 -0.20809131E-40
  0.15200000E+02  0.98401620E-25 -0.20388544E-40
  0.15300000E+02  0.97370184E-25 -0.21110958E-40
  0.15400000E+02  0.96353546E-25 -0.19873704E-40
  0.15500000E+02  0.95351454E-25 -0.19270394E-40
  0.15600000E+02  0.94363658E-25 -0.19457829E-40
  0.15700000E+02  0.93389914E-25 -0.19684000E-40
  0.15800000E+02  0.92429983E-25 -0.20329703E-40
  0.15900000E+02  0.91483628E-25 -0.17965211E-40
  0.16000000E+02  0.90550620E-25 -0.18107603E-40
  0.16100000E+02  0.89630731E-25 -0.17222671E-40
  0.16200000E+02  0.88723739E-25 -0.16464057E-40
  0.16300000E+02  0.87829425E-25 -0.17196841E-40
  0.16400000E+02  0.86947576E-25 -0.17496021E-40
  0.16500000E+02  0.86077980E-25 -0.17827704E-40
  0.16600000E+02  0.85220432E-25 -0.17351005E-40
  0.16700000E+02  0.84374729E-25 -0.15536829E-40
  0.16800000E+02  0.83540672E-25 -0.16384824E-40
  0.16900000E+02  0.82718065E-25 -0.17285590E-40
  0.17000000E+02  0.81906718E-25 -0.15597371E-40
  0.17100000E+02  0.81106442E-25 -0.15398784E-40
  0.17200000E+02  0.80317053E-25 -0.15322690E-40
  0.17300000E+02  0.79538370E-25 -0.15887374E-40
  0.17400000E+02  0.78770215E-25 -0.15295436E-40
  0.17500000E+02  0.78012414E-25 -0.15319665E-40
  0.17600000E+02  0.77264796E-25 -0.15212133E-40
  0.17700000E+02  0.76527192E-25 -0.14174004E-40
  0.17800000E+02  0.75799438E-25 -0.14389498E-40
  0.17900000E+02  0.75081373E-25 -0.14192350E-40
  0.18000000E+02  0.74372836E-25 -0.13876750E-40
  0.18100000E+02  0.73673673E-25 -0.14212050E-40
  0.18200000E+02  0.72983731E-25 -0.13953465E-40
  0.18300000E+02  0.72302860E-25 -0.12607314E-40
  0.18400000E+02  0.71630911E-25 -0.12649959E-40
  0.18500000E+02  0.70967741E-25 -0.13765038E-40
  0.18600000E+02  0.70313208E-25 -0.12898524E-40
  0.18700000E+02  0.69667171E-25 -0.12558799E-40
  0.18800000E+02  0.69029496E-25 -0.12377092E-40
  0.18900000E+02  0.68400046E-25 -0.12868400E-40
  0.19000000E+02  0.67778691E-25 -0.12901195E-40
  0.19100000E+02  0.67165301E-25 -0.12452957E-40
  0.19200000E+02  0.66559749E-25 -0.12309007E-40
  0.19300000E+02  0.65961911E-25 -0.11615807E-40
  0.19400000E+02  0.65371663E-25 -0.11557063E-40
  0.19500000E+02  0.64788887E-25 -0.12311458E-40
  0.19600000E+02  0.64213463E-25 -0.10850722E-40
  0.19700000E+02  0.63645277E-25 -0.11693423E-40
  0.19800000E+02  0.63084214E-25 -0.11606488E-40
  0.19900000E+02  0.62530162E-25 -0.10983883E-40
  0.20000000E+02  0.61983013E-25 -0.12014403E-40
  0.20100000E+02  0.61442659E-25 -0.96593557E-41
  0.20200000E+02  0.60908993E-25 -0.11263740E-40
  0.20300000E+02  0.60381912E-25 -0.99422640E-41
  0.20400000E+02  0.59861315E-25 -0.11302925E-40
  0.20500000E+02  0.59347100E-25 -0.10988149E-40
  0.20600000E+02  0.58839171E-25 -0.10294030E-40
  0.20700000E+02  0.58337429E-25 -0.10821881E-40
  0.20800000E+02  0.57841781E-25 -0.93254095E-41
  0.20900000E+02  0.57352134E-25 -0.99781148E-41
  0.21000000E+02  0.56868396E-25 -0.11287680E-40
  0.21100000E+02  0.56390476E-25 -0.10619975E-40
  0.21200000E+02  0.55918288E-25 -0.93047968E-41
  0.21300000E+02  0.55451744E-25 -0.89403841E-41
  0.21400000E+02  0.54990759E-25 -0.93333567E-41
  0.21500000E+02  0.54535250E-25 -0.96284568E-41
  0.21600000E+02  0.54085134E-25 -0.86578842E-41
  0.21700000E+02  0.53640331E-25 -0.99158053E-41
  0.21800000E+02  0.53200761E-25 -0.99544281E-41
  0.21900000E+02  0.52766347E-25 -0.99126344E-41
  0.22000000E+02  0.52337012E-25 -0.89207275E-41
  0.22100000E+02  0.51912681E-25 -0.87840124E-41
  0.22200000E+02  0.51493280E-25 -0.87411997E-41
  0.22300000E+02  0.51078736E-25 -0.74200151E-41
  0.22400000E+02  0.50668979E-25 -0.88606402E-41
  0.22500000E+02  0.50263937E-25 -0.84756290E-41
  0.22600000E+02  0.49863543E-25 -0.79587106E-41
  0.22700000E+02  0.49467728E-25 -0.90985144E-41
  0.22800000E+02  0.49076426E-25 -0.84508606E-41
  0.22900000E+02  0.48689571E-25 -0.78074356E-41
  0.23000000E+02  0.48307099E-25 -0.82475154E-41
  0.23100000E+02  0.47928948E-25 -0.76709744E-41
  0.23200000E+02  0.47555055E-25 -0.77039623E-41
  0.23300000E+02  0.47185358E-25 -0.78166863E-41
  0.23400000E+02  0.46819799E-25 -0.80153200E-41
  0.23500000E+02  0.46458317E-25 -0.75950387E-41
  0.23600000E+02  0.46100856E-25 -0.70808127E-41
  0.23700000E+02  0.45747357E-25 -0.71678963E-41
  0.23800000E+02  0.45397765E-25 -0.76261347E-41
  0.23900000E+02  0.45052026E-25 -0.76947043E-41
  0.24000000E+02  0.44710084E-25 -0.71132567E-41
  0.24100000E+02  0.44371886E-25 -0.69792286E-41
  0.24200000E+02  0.44037380E-25 -0.75507834E-41
  0.24300000E+02  0.43706515E-25 -0.69783850E-41
  0.24400000E+02  0.43379240E-25 -0.67819293E-41
  0.24500000E+02  0.43055505E-25 -0.69090718E-41
  0.24600000E+02  0.42735261E-25 -0.69273960E-41
  0.24700000E+02  0.42418460E-25 -0.71176454E-41
  0.24800000E+02  0.42105054E-25 -0.61845552E-41
  0.24900000E+02  0.41794997E-25 -0.71938055E-41
  0.25000000E+02  0.41488243E-25 -0.64592232E-41
  0.25100000E+02  0.41184748E-25 -0.74416706E-41
  0.25200000E+02  0.40884465E-25 -0.69318155E-41
  0.25300000E+02  0.40587353E-25 -0.68187406E-41
  0.25400000E+02  0.40293368E-25 -0.62028921E-41
  0.25500000E+02  0.40002468E-25 -0.65322670E-41
  0.25600000E+02  0.39714611E-25 -0.61610943E-41
  0.25700000E+02  0.39429756E-25 -0.63673854E-41
  0.25800000E+02  0.39147864E-25 -0.68028293E-41
  0.25900000E+02  0.38868894E-25 -0.61416530E-41
  0.26000000E+02  0.38592808E-25 -0.61107882E-41
  0.26100000E+02  0.38319567E-25 -0.56155838E-41
  0.26200000E+02  0.38049134E-25 -0.62546763E-41
  0.26300000E+02  0.37781472E-25 -0.63067559E-41
  0.26400000E+02  0.37516543E-25 -0.60298238E-41
  0.26500000E+02  0.37254313E-25 -0.60630802E-41
  0.26600000E+02  0.36994745E-25 -0.57203854E-41
  0.26700000E+02  0.36737805E-25 -0.48538477E-41
  0.26800000E+02  0.36483459E-25 -0.55814426E-41
  0.26900000E+02  0.36231673E-25 -0.57613877E-41
  0.27000000E+02  0.35982413E-25 -0.63950815E-41
  0.27100000E+02  0.35735648E-25 -0.51241779E-41
  0.27200000E+02  0.35491344E-25 -0.54760864E-41
  0.27300000E+02  0.35249470E-25 -0.57647064E-41
  0.27400000E+02  0.35009996E-25 -0.62786222E-41
  0.27500000E+02  0.34772890E-25 -0.54526357E-41
  0.27600000E+02  0.34538121E-25 -0.57277176E-41
  0.27700000E+02  0.34305662E-25 -0.53481160E-41
  0.27800000E+02  0.34075481E-25 -0.55475927E-41
  0.27900000E+02  0.33847550E-25 -0.56242192E-41
  0.28000000E+02  0.33621841E-25 -0.53068968E-41
  0.28100000E+02  0.33398326E-25 -0.56660337E-41
  0.28200000E+02  0.33176977E-25 -0.52466235E-41
  0.28300000E+02  0.32957767E-25 -0.56245310E-41
  0.28400000E+02  0.32740669E-25 -0.50597913E-41
  0.28500000E+02  0.32525657E-25 -0.53333712E-41
  0.28600000E+02  0.32312705E-25 -0.51992059E-41
  0.28700000E+02  0.32101788E-25 -0.52212121E-41
  0.28800000E+02  0.31892880E-25 -0.50070213E-41
  0.28900000E+02  0.31685957E-25 -0.55314504E-41
  0.29000000E+02  0.31480994E-25 -0.50532952E-41
  0.29100000E+02  0.31277967E-25 -0.52310457E-41
  0.29200000E+02  0.31076853E-25 -0.49019542E-41
  0.29300000E+02  0.30877627E-25 -0.49421932E-41
  0.29400000E+02  0.30680268E-25 -0.47016246E-41
  0.29500000E+02  0.30484752E-25 -0.48747332E-41
  0.29600000E+02  0.30291058E-25 -0.49449360E-41
  0.29700000E+02  0.30099162E-25 -0.47503068E-41
  0.29800000E+02  0.29909044E-25 -0.51404556E-41
  0.29900000E+02  0.29720682E-25 -0.45199499E-41
  0.30000000E+02  0.29534055E-25 -0.47804993E-41
  0.30100000E+02  0.29349143E-25 -0.49128137E-41
  0.30200000E+02  0.29165924E-25 -0.43685435E-41
  0.30300000E+02  0.28984379E-25 -0.47427250E-41
  0.30400000E+02  0.28804488E-25 -0.43904481E-41
  0.30500000E+02  0.28626232E-25 -0.41111784E-41
  0.30600000E+02  0.28449590E-25 -0.50511013E-41
  0.30700000E+02  0.28274545E-25 -0.44478062E-41
  0.30800000E+02  0.28101077E-25 -0.42988477E-41
  0.30900000E+02  0.27929167E-25 -0.42334327E-41
  0.31000000E+02  0.27758798E-25 -0.45638252E-41
  0.31100000E+02  0.27589952E-25 -0.39838421E-41
  0.31200000E+02  0.27422611E-25 -0.45490067E-41
  0.31300000E+02  0.27256758E-25 -0.42284497E-41
  0.31400000E+02  0.27092375E-25 -0.41033353E-41
  0.31500000E+02  0.26929445E-25 -0.41586172E-41
  0.31600000E+02  0.26767952E-25 -0.40615945E-41
  0.31700000E+02  0.26607879E-25 -0.42475297E-41
  0.31800000E+02  0.26449210E-25 -0.43799013E-41
  0.31900000E+02  0.26291929E-25 -0.40149920E-41
  0.32000000E+02  0.26136020E-25 -0.41857622E-41
  0.32100000E+02  0.25981468E-25 -0.42442779E-41
  0.32200000E+02  0.25828257E-25 -0.41466589E-41
  0.32300000E+02  0.25676372E-25 -0.40527916E-41
  0.32400000E+02  0.25525798E-25 -0.41637644E-41
  0.32500000E+02  0.25376520E-25 -0.41828109E-41
  0.32600000E+02  0.25228524E-25 -0.40487119E-41
  0.32700000E+02  0.25081795E-25 -0.39562229E-41
  0.32800000E+02  0.24936320E-25 -0.37196019E-41
  0.32900000E+02  0.24792084E-25 -0.37723909E-41
  0.33000000E+02  0.24649074E-25 -0.37099353E-41
  0.33100000E+02  0.24507275E-25 -0.38570447E-41
  0.33200000E+02  0.24366675E-25 -0.37230833E-41
  0.33300000E+02  0.24227261E-25 -0.39339813E-41
  0.33400000E+02  0.24089019E-25 -0.35632543E-41
  0.33500000E+02  0.23951936E-25 -0.36536543E-41
  0.33600000E+02  0.23816000E-25 -0.38952629E-41
  0.33700000E+02  0.23681199E-25 -0.33479423E-41
  0.33800000E+02  0.23547519E-25 -0.34951026E-41
  0.33900000E+02  0.23414949E-25 -0.34533003E-41
  0.34000000E+02  0.23283477E-25 -0.38768347E-41
  0.34100000E+02  0.23153091E-25 -0.31605584E-41
  0.34200000E+02  0.23023778E-25 -0.33247724E-41
  0.34300000E+02  0.22895529E-25 -0.37514414E-41
  0.34400000E+02  0.22768330E-25 -0.36013588E-41
  0.34500000E+02  0.22642172E-25 -0.33488791E-41
  0.34600000E+02  0.22517042E-25 -0.31011576E-41
  0.34700000E+02  0.22392930E-25 -0.33720755E-41
  0.34800000E+02  0.22269825E-25 -0.33424614E-41
  0.34900000E+02  0.22147717E-25 -0.31885339E-41
  0.35000000E+02  0.22026594E-25 -0.33591820E-41
  0.35100000E+02  0.21906447E-25 -0.34031372E-41
  0.35200000E+02  0.21787265E-25 -0.31972941E-41
  0.35300000E+02  0.21669038E-25 -0.33541853E-41
  0.35400000E+02  0.21551755E-25 -0.33355104E-41
  0.35500000E+02  0.21435408E-25 -0.30172119E-41
  0.35600000E+02  0.21319987E-25 -0.32944517E-41
  0.35700000E+02  0.21205481E-25 -0.28900727E-41
  0.35800000E+02  0.21091881E-25 -0.31868304E-41
  0.35900000E+02  0.20979178E-25 -0.25790906E-41
  0.36000000E+02  0.20867363E-25 -0.32594403E-41
  0.36100000E+02  0.20756426E-25 -0.28833111E-41
  0.36200000E+02  0.20646359E-25 -0.31638083E-41
  0.36300000E+02  0.20537152E-25 -0.33475382E-41
  0.36400000E+02  0.20428797E-25 -0.31004782E-41
  0.36500000E+02  0.20321284E-25 -0.30074834E-41
  0.36600000E+02  0.20214607E-25 -0.28871498E-41
  0.36700000E+02  0.20108755E-25 -0.28411220E-41
  0.36800000E+02  0.20003720E-25 -0.28606956E-41
  0.36900000E+02  0.19899495E-25 -0.29255723E-41
  0.37000000E+02  0.19796071E-25 -0.30371586E-41
  0.37100000E+02  0.19693440E-25 -0.31312589E-41
  0.37200000E+02  0.19591594E-25 -0.27923288E-41
  0.37300000E+02  0.19490526E-25 -0.29217953E-41
  0.37400000E+02  0.19390226E-25 -0.27363435E-41
  0.37500000E+02  0.19290689E-25 -0.26504390E-41
  0.37600000E+02  0.19191905E-25 -0.28944895E-41
  0.37700000E+02  0.19093869E-25 -0.23917699E-41
  0.37800000E+02  0.18996571E-25 -0.28743230E-41
  0.37900000E+02  0.18900006E-25 -0.29459959E-41
  0.38000000E+02  0.18804165E-25 -0.27412269E-41
  0.38100000E+02  0.18709043E-25 -0.29765016E-41
  0.38200000E+02  0.18614630E-25 -0.30439886E-41
  0.38300000E+02  0.18520921E-25 -0.27162260E-41
  0.38400000E+02  0.18427909E-25 -0.25407244E-41
  0.38500000E+02  0.18335587E-25 -0.23991101E-41
  0.38600000E+02  0.18243948E-25 -0.27777808E-41
  0.38700000E+02  0.18152986E-25 -0.28483567E-41
  0.38800000E+02  0.18062694E-25 -0.27608744E-41
  0.38900000E+02  0.17973065E-25 -0.26917241E-41
  0.39000000E+02  0.17884094E-25 -0.28490337E-41
  0.39100000E+02  0.17795773E-25 -0.23624392E-41
  0.39200000E+02  0.17708097E-25 -0.27428822E-41
  0.39300000E+02  0.17621060E-25 -0.26477197E-41
  0.39400000E+02  0.17534654E-25 -0.24864977E-41
  0.39500000E+02  0.17448875E-25 -0.23487607E-41
  0.39600000E+02  0.17363717E-25 -0.23888461E-41
  0.39700000E+02  0.17279172E-25 -0.27000576E-41
  0.39800000E+02  0.17195237E-25 -0.27624836E-41
  0.39900000E+02  0.17111904E-25 -0.24336061E-41
  0.40000000E+02  0.17029169E-25 -0.24722943E-41
