  0.00000000E+00  0.61158080E-20 -0.35116263E-40
  0.10000000E+00  0.61092324E-20 -0.92492905E-40
  0.20000000E+00  0.60896215E-20  0.59557353E-40
  0.30000000E+00  0.60573174E-20  0.41647814E-40
  0.40000000E+00  0.60128703E-20  0.31901632E-40
  0.50000000E+00  0.59570112E-20 -0.11182963E-40
  0.60000000E+00  0.58906168E-20  0.45951099E-40
  0.70000000E+00  0.58146721E-20  0.12628781E-40
  0.80000000E+00  0.57302312E-20  0.15462892E-40
  0.90000000E+00  0.56383809E-20  0.86766916E-41
  0.10000000E+01  0.55402082E-20 -0.36766075E-40
  0.11000000E+01  0.54367728E-20  0.70018469E-40
  0.12000000E+01  0.53290860E-20  0.26240667E-40
  0.13000000E+01  0.52180947E-20 -0.46016105E-40
  0.14000000E+01  0.51046710E-20 -0.21368019E-40
  0.15000000E+01  0.49896062E-20  0.25396965E-40
  0.16000000E+01  0.48736086E-20  0.46066371E-40
  0.17000000E+01  0.47573044E-20 -0.15348639E-40
  0.18000000E+01  0.46412403E-20  0.78947728E-41
  0.19000000E+01  0.45258881E-20 -0.28314320E-40
  0.20000000E+01  0.44116500E-20  0.53741997E-41
  0.21000000E+01  0.42988649E-20  0.81536856E-41
  0.22000000E+01  0.41878141E-20 -0.17268817E-40
  0.23000000E+01  0.40787275E-20  0.43392011E-41
  0.24000000E+01  0.39717899E-20  0.15139844E-40
  0.25000000E+01  0.38671460E-20 -0.26024533E-40
  0.26000000E+01  0.37649056E-20  0.38894691E-41
  0.27000000E+01  0.36651488E-20  0.10246410E-40
  0.28000000E+01  0.35679296E-20 -0.29732759E-40
  0.29000000E+01  0.34732801E-20  0.15233541E-40
  0.30000000E+01  0.33812136E-20 -0.20166983E-41
  0.31000000E+01  0.32917279E-20 -0.16536174E-40
  0.32000000E+01  0.32048075E-20 -0.17419567E-40
  0.33000000E+01  0.31204261E-20 -0.12096846E-40
  0.34000000E+01  0.30385486E-20 -0.35496747E-40
  0.35000000E+01  0.29591325E-20 -0.61013898E-41
  0.36000000E+01  0.28821299E-20  0.21058500E-40
  0.37000000E+01  0.28074880E-20  0.12525592E-40
  0.38000000E+01  0.27351509E-20 -0.90692367E-41
  0.39000000E+01  0.26650600E-20  0.19371164E-40
  0.40000000E+01  0.25971551E-20 -0.10974574E-40
  0.41000000E+01  0.25313747E-20  0.19761167E-40
  0.42000000E+01  0.24676568E-20 -0.15399515E-40
  0.43000000E+01  0.24059395E-20  0.28422488E-40
  0.44000000E+01  0.23461607E-20  0.22568711E-40
  0.45000000E+01  0.22882592E-20 -0.87984373E-41
  0.46000000E+01  0.22321745E-20  0.16864655E-41
  0.47000000E+01  0.21778472E-20  0.17923568E-40
  0.48000000E+01  0.21252189E-20  0.12257579E-40
  0.49000000E+01  0.20742326E-20 -0.11347485E-40
  0.50000000E+01  0.20248326E-20 -0.88955142E-43
  0.51000000E+01  0.19769649E-20 -0.83570713E-41
  0.52000000E+01  0.19305767E-20 -0.17505823E-42
  0.53000000E+01  0.18856169E-20  0.12265515E-40
  0.54000000E+01  0.18420361E-20 -0.19388266E-40
  0.55000000E+01  0.17997861E-20  0.59979408E-41
  0.56000000E+01  0.17588207E-20 -0.10062807E-40
  0.57000000E+01  0.17190949E-20 -0.57873095E-42
  0.58000000E+01  0.16805654E-20 -0.29517341E-41
  0.59000000E+01  0.16431903E-20  0.20643167E-41
  0.60000000E+01  0.16069293E-20  0.83224088E-41
  0.61000000E+01  0.15717434E-20 -0.79732269E-41
  0.62000000E+01  0.15375952E-20  0.38555732E-41
  0.63000000E+01  0.15044485E-20 -0.76175378E-41
  0.64000000E+01  0.14722684E-20 -0.22715455E-41
  0.65000000E+01  0.14410214E-20  0.63599187E-41
  0.66000000E+01  0.14106753E-20  0.67425588E-41
  0.67000000E+01  0.13811988E-20  0.36730028E-41
  0.68000000E+01  0.13525622E-20  0.11588111E-40
  0.69000000E+01  0.13247365E-20 -0.66674839E-41
  0.70000000E+01  0.12976941E-20 -0.98673007E-43
  0.71000000E+01  0.12714083E-20  0.29172326E-41
  0.72000000E+01  0.12458534E-20  0.15405543E-40
  0.73000000E+01  0.12210048E-20  0.34343192E-41
  0.74000000E+01  0.11968386E-20  0.10182807E-40
  0.75000000E+01  0.11733321E-20 -0.28945223E-42
  0.76000000E+01  0.11504631E-20 -0.42156177E-41
  0.77000000E+01  0.11282105E-20 -0.49347831E-41
  0.78000000E+01  0.11065539E-20  0.74988418E-41
  0.79000000E+01  0.10854738E-20 -0.58792189E-41
  0.80000000E+01  0.10649512E-20  0.10990589E-41
  0.81000000E+01  0.10449679E-20  0.44119749E-41
  0.82000000E+01  0.10255065E-20 -0.53638983E-41
  0.83000000E+01  0.10065501E-20  0.35220248E-41
  0.84000000E+01  0.98808245E-21  0.54660243E-41
  0.85000000E+01  0.97008798E-21  0.77494284E-41
  0.86000000E+01  0.95255162E-21 -0.64992882E-41
  0.87000000E+01  0.93545889E-21 -0.30561030E-41
  0.88000000E+01  0.91879582E-21  0.17219818E-41
  0.89000000E+01  0.90254895E-21 -0.13140289E-41
  0.90000000E+01  0.88670533E-21  0.93023272E-42
  0.91000000E+01  0.87125245E-21 -0.95940271E-41
  0.92000000E+01  0.85617829E-21 -0.10614231E-40
  0.93000000E+01  0.84147121E-21  0.38765002E-41
  0.94000000E+01  0.82712004E-21  0.48192055E-42
  0.95000000E+01  0.81311397E-21 -0.49404949E-42
  0.96000000E+01  0.79944260E-21 -0.41025826E-41
  0.97000000E+01  0.78609588E-21  0.27857371E-41
  0.98000000E+01  0.77306413E-21  0.15521941E-41
  0.99000000E+01  0.76033798E-21  0.39234652E-42
  0.10000000E+02  0.74790843E-21 -0.47990925E-42
  0.10100000E+02  0.73576675E-21 -0.29124632E-41
  0.10200000E+02  0.72390455E-21 -0.21458442E-41
  0.10300000E+02  0.71231370E-21  0.35329679E-43
  0.10400000E+02  0.70098637E-21 -0.30685745E-41
  0.10500000E+02  0.68991498E-21  0.64573502E-41
  0.10600000E+02  0.67909221E-21  0.30865959E-41
  0.10700000E+02  0.66851101E-21  0.68650663E-41
  0.10800000E+02  0.65816453E-21  0.21513042E-41
  0.10900000E+02  0.64804619E-21  0.31593513E-41
  0.11000000E+02  0.63814960E-21 -0.18559025E-42
  0.11100000E+02  0.62846860E-21  0.14597946E-41
  0.11200000E+02  0.61899721E-21 -0.43976306E-41
  0.11300000E+02  0.60972968E-21 -0.32819372E-41
  0.11400000E+02  0.60066042E-21  0.81576408E-41
  0.11500000E+02  0.59178404E-21 -0.10314038E-41
  0.11600000E+02  0.58309531E-21  0.11674894E-41
  0.11700000E+02  0.57458918E-21  0.28619638E-41
  0.11800000E+02  0.56626077E-21 -0.37880305E-41
  0.11900000E+02  0.55810533E-21 -0.14590408E-41
  0.12000000E+02  0.55011828E-21 -0.10870297E-41
  0.12100000E+02  0.54229519E-21  0.53094655E-42
  0.12200000E+02  0.53463176E-21 -0.52579819E-43
  0.12300000E+02  0.52712382E-21  0.18426451E-41
  0.12400000E+02  0.51976734E-21 -0.19725389E-41
  0.12500000E+02  0.51255841E-21  0.17695771E-42
  0.12600000E+02  0.50549325E-21  0.78860448E-42
  0.12700000E+02  0.49856818E-21  0.14762867E-41
  0.12800000E+02  0.49177964E-21  0.53795125E-41
  0.12900000E+02  0.48512419E-21  0.27299026E-41
  0.13000000E+02  0.47859849E-21  0.78664670E-42
  0.13100000E+02  0.47219928E-21 -0.23774366E-42
  0.13200000E+02  0.46592342E-21  0.52782557E-42
  0.13300000E+02  0.45976786E-21 -0.39917313E-41
  0.13400000E+02  0.45372964E-21  0.10945221E-41
  0.13500000E+02  0.44780589E-21 -0.19265752E-41
  0.13600000E+02  0.44199381E-21 -0.89641670E-42
  0.13700000E+02  0.43629070E-21  0.46200139E-42
  0.13800000E+02  0.43069393E-21  0.26970194E-41
  0.13900000E+02  0.42520095E-21 -0.25813304E-41
  0.14000000E+02  0.41980928E-21 -0.45923330E-41
  0.14100000E+02  0.41451652E-21  0.12461897E-41
  0.14200000E+02  0.40932033E-21  0.47221056E-41
  0.14300000E+02  0.40421844E-21 -0.22323733E-41
  0.14400000E+02  0.39920865E-21 -0.12270936E-41
  0.14500000E+02  0.39428880E-21  0.31618568E-42
  0.14600000E+02  0.38945682E-21  0.42558272E-42
  0.14700000E+02  0.38471068E-21  0.16583155E-41
  0.14800000E+02  0.38004841E-21  0.34676158E-42
  0.14900000E+02  0.37546811E-21  0.72705555E-42
  0.15000000E+02  0.37096790E-21  0.11437898E-41
  0.15100000E+02  0.36654599E-21 -0.90108475E-43
  0.15200000E+02  0.36220060E-21  0.27075670E-41
  0.15300000E+02  0.35793003E-21  0.13035311E-41
  0.15400000E+02  0.35373261E-21  0.11450702E-41
  0.15500000E+02  0.34960672E-21 -0.12777202E-41
  0.15600000E+02  0.34555079E-21 -0.27147925E-41
  0.15700000E+02  0.34156328E-21  0.65079849E-42
  0.15800000E+02  0.33764269E-21 -0.18917254E-42
  0.15900000E+02  0.33378757E-21 -0.11733093E-41
  0.16000000E+02  0.32999651E-21  0.54963068E-42
  0.16100000E+02  0.32626812E-21 -0.10950887E-41
  0.16200000E+02  0.32260106E-21 -0.45810470E-42
  0.16300000E+02  0.31899403E-21  0.11891104E-41
  0.16400000E+02  0.31544575E-21  0.80142308E-42
  0.16500000E+02  0.31195498E-21  0.66869028E-42
  0.16600000E+02  0.30852051E-21  0.13469014E-41
  0.16700000E+02  0.30514116E-21  0.25565617E-41
  0.16800000E+02  0.30181579E-21 -0.16061436E-41
  0.16900000E+02  0.29854328E-21  0.10012638E-41
  0.17000000E+02  0.29532253E-21 -0.24551506E-43
  0.17100000E+02  0.29215248E-21  0.20377955E-41
  0.17200000E+02  0.28903209E-21  0.38694349E-42
  0.17300000E+02  0.28596036E-21 -0.18785448E-41
  0.17400000E+02  0.28293630E-21  0.12171126E-41
  0.17500000E+02  0.27995894E-21  0.49550990E-42
  0.17600000E+02  0.27702735E-21  0.31014957E-42
  0.17700000E+02  0.27414061E-21  0.50073325E-42
  0.17800000E+02  0.27129784E-21 -0.24708127E-41
  0.17900000E+02  0.26849815E-21 -0.51912353E-42
  0.18000000E+02  0.26574071E-21  0.82349873E-42
  0.18100000E+02  0.26302468E-21 -0.37189081E-42
  0.18200000E+02  0.26034924E-21  0.46528762E-42
  0.18300000E+02  0.25771362E-21 -0.90220611E-43
  0.18400000E+02  0.25511704E-21 -0.45683448E-42
  0.18500000E+02  0.25255875E-21  0.17308655E-41
  0.18600000E+02  0.25003800E-21  0.17765108E-41
  0.18700000E+02  0.24755409E-21  0.41534923E-42
  0.18800000E+02  0.24510631E-21  0.15947249E-41
  0.18900000E+02  0.24269398E-21 -0.26857460E-42
  0.19000000E+02  0.24031643E-21  0.96897718E-43
  0.19100000E+02  0.23797300E-21  0.11729656E-42
  0.19200000E+02  0.23566305E-21 -0.20224093E-42
  0.19300000E+02  0.23338597E-21  0.11053014E-41
  0.19400000E+02  0.23114114E-21  0.15096188E-41
  0.19500000E+02  0.22892796E-21  0.14571074E-41
  0.19600000E+02  0.22674585E-21  0.73041177E-42
  0.19700000E+02  0.22459425E-21  0.66907149E-42
  0.19800000E+02  0.22247260E-21 -0.14425942E-42
  0.19900000E+02  0.22038035E-21  0.21938367E-42
  0.20000000E+02  0.21831697E-21 -0.33337239E-42
  0.20100000E+02  0.21628194E-21  0.38910242E-42
  0.20200000E+02  0.21427475E-21 -0.47183559E-43
  0.20300000E+02  0.21229491E-21  0.11665311E-41
  0.20400000E+02  0.21034193E-21 -0.10739542E-42
  0.20500000E+02  0.20841532E-21 -0.97687656E-42
  0.20600000E+02  0.20651464E-21  0.62449203E-42
  0.20700000E+02  0.20463941E-21 -0.58901622E-42
  0.20800000E+02  0.20278919E-21 -0.11861311E-41
  0.20900000E+02  0.20096356E-21 -0.28421669E-42
  0.21000000E+02  0.19916208E-21  0.10391029E-42
  0.21100000E+02  0.19738433E-21 -0.91320433E-42
  0.21200000E+02  0.19562990E-21  0.11744864E-41
  0.21300000E+02  0.19389840E-21  0.13250744E-41
  0.21400000E+02  0.19218943E-21  0.72641603E-42
  0.21500000E+02  0.19050261E-21 -0.15658034E-41
  0.21600000E+02  0.18883756E-21  0.36300841E-42
  0.21700000E+02  0.18719392E-21 -0.21965767E-42
  0.21800000E+02  0.18557132E-21 -0.14360586E-41
  0.21900000E+02  0.18396942E-21  0.62155985E-42
  0.22000000E+02  0.18238786E-21  0.79313076E-42
  0.22100000E+02  0.18082631E-21  0.40207222E-42
  0.22200000E+02  0.17928444E-21  0.11936657E-41
  0.22300000E+02  0.17776192E-21 -0.12074513E-41
  0.22400000E+02  0.17625843E-21 -0.30096627E-42
  0.22500000E+02  0.17477367E-21 -0.89979142E-42
  0.22600000E+02  0.17330732E-21 -0.95600685E-42
  0.22700000E+02  0.17185909E-21 -0.32976070E-42
  0.22800000E+02  0.17042869E-21 -0.73827679E-42
  0.22900000E+02  0.16901582E-21  0.10052123E-41
  0.23000000E+02  0.16762020E-21 -0.11680655E-42
  0.23100000E+02  0.16624157E-21 -0.92014932E-42
  0.23200000E+02  0.16487964E-21  0.33288510E-42
  0.23300000E+02  0.16353416E-21  0.19494938E-42
  0.23400000E+02  0.16220486E-21 -0.15178063E-42
  0.23500000E+02  0.16089148E-21  0.80574439E-42
  0.23600000E+02  0.15959379E-21 -0.33411783E-42
  0.23700000E+02  0.15831152E-21 -0.71404512E-42
  0.23800000E+02  0.15704444E-21  0.37465056E-42
  0.23900000E+02  0.15579232E-21 -0.30289686E-42
  0.24000000E+02  0.15455492E-21  0.83011180E-42
  0.24100000E+02  0.15333202E-21  0.46303620E-42
  0.24200000E+02  0.15212339E-21 -0.14307806E-41
  0.24300000E+02  0.15092881E-21 -0.27112637E-42
  0.24400000E+02  0.14974808E-21 -0.15431538E-42
  0.24500000E+02  0.14858097E-21  0.11959956E-43
  0.24600000E+02  0.14742729E-21 -0.54485763E-43
  0.24700000E+02  0.14628682E-21  0.90848606E-43
  0.24800000E+02  0.14515938E-21 -0.50933901E-42
  0.24900000E+02  0.14404476E-21 -0.97307387E-42
  0.25000000E+02  0.14294278E-21 -0.21466458E-42
  0.25100000E+02  0.14185324E-21  0.26373075E-42
  0.25200000E+02  0.14077597E-21  0.64286926E-42
  0.25300000E+02  0.13971077E-21  0.19943750E-42
  0.25400000E+02  0.13865748E-21  0.56354054E-42
  0.25500000E+02  0.13761592E-21 -0.77984752E-42
  0.25600000E+02  0.13658591E-21 -0.51390101E-42
  0.25700000E+02  0.13556729E-21 -0.49194639E-42
  0.25800000E+02  0.13455989E-21  0.22686513E-42
  0.25900000E+02  0.13356355E-21 -0.43616909E-42
  0.26000000E+02  0.13257811E-21  0.72618171E-42
  0.26100000E+02  0.13160342E-21 -0.86750548E-43
  0.26200000E+02  0.13063931E-21 -0.29140740E-42
  0.26300000E+02  0.12968564E-21  0.36375394E-42
  0.26400000E+02  0.12874227E-21 -0.34874371E-42
  0.26500000E+02  0.12780903E-21 -0.39409256E-42
  0.26600000E+02  0.12688580E-21 -0.30030945E-43
  0.26700000E+02  0.12597242E-21 -0.51586332E-42
  0.26800000E+02  0.12506877E-21 -0.74377990E-42
  0.26900000E+02  0.12417470E-21 -0.66809959E-42
  0.27000000E+02  0.12329008E-21 -0.63924691E-42
  0.27100000E+02  0.12241478E-21 -0.12955747E-43
  0.27200000E+02  0.12154867E-21 -0.72034974E-42
  0.27300000E+02  0.12069163E-21  0.91492935E-44
  0.27400000E+02  0.11984352E-21  0.81315140E-42
  0.27500000E+02  0.11900423E-21 -0.77895462E-43
  0.27600000E+02  0.11817364E-21 -0.10692872E-41
  0.27700000E+02  0.11735162E-21 -0.41055436E-42
  0.27800000E+02  0.11653806E-21 -0.63835960E-42
  0.27900000E+02  0.11573285E-21 -0.57784560E-42
  0.28000000E+02  0.11493587E-21 -0.71402776E-42
  0.28100000E+02  0.11414702E-21 -0.50603205E-42
  0.28200000E+02  0.11336617E-21  0.39663418E-42
  0.28300000E+02  0.11259324E-21 -0.70193690E-42
  0.28400000E+02  0.11182810E-21  0.30116544E-42
  0.28500000E+02  0.11107066E-21 -0.36513307E-42
  0.28600000E+02  0.11032082E-21 -0.40447754E-42
  0.28700000E+02  0.10957847E-21  0.41125242E-42
  0.28800000E+02  0.10884352E-21  0.31551650E-42
  0.28900000E+02  0.10811586E-21 -0.58965036E-42
  0.29000000E+02  0.10739541E-21  0.72115320E-44
  0.29100000E+02  0.10668207E-21  0.26775525E-42
  0.29200000E+02  0.10597575E-21 -0.56285105E-43
  0.29300000E+02  0.10527635E-21  0.38285075E-42
  0.29400000E+02  0.10458379E-21 -0.19476907E-42
  0.29500000E+02  0.10389798E-21 -0.57007523E-42
  0.29600000E+02  0.10321883E-21  0.32685666E-43
  0.29700000E+02  0.10254626E-21 -0.11354406E-42
  0.29800000E+02  0.10188018E-21 -0.95795711E-43
  0.29900000E+02  0.10122051E-21 -0.40523136E-42
  0.30000000E+02  0.10056717E-21  0.79518890E-42
  0.30100000E+02  0.99920077E-22  0.74509392E-42
  0.30200000E+02  0.99279156E-22  0.19193045E-42
  0.30300000E+02  0.98644328E-22 -0.41483969E-42
  0.30400000E+02  0.98015517E-22 -0.20990773E-42
  0.30500000E+02  0.97392646E-22  0.52953220E-43
  0.30600000E+02  0.96775643E-22  0.52370059E-42
  0.30700000E+02  0.96164434E-22  0.61935457E-42
  0.30800000E+02  0.95558948E-22  0.44532236E-42
  0.30900000E+02  0.94959114E-22 -0.48214472E-42
  0.31000000E+02  0.94364862E-22 -0.33821334E-42
  0.31100000E+02  0.93776124E-22  0.39630550E-42
  0.31200000E+02  0.93192833E-22 -0.23993362E-43
  0.31300000E+02  0.92614921E-22 -0.34663768E-42
  0.31400000E+02  0.92042324E-22  0.15688574E-43
  0.31500000E+02  0.91474977E-22 -0.53210036E-42
  0.31600000E+02  0.90912817E-22 -0.26553639E-42
  0.31700000E+02  0.90355781E-22 -0.15417122E-42
  0.31800000E+02  0.89803807E-22 -0.97945526E-42
  0.31900000E+02  0.89256835E-22  0.86259617E-43
  0.32000000E+02  0.88714805E-22  0.43716645E-42
  0.32100000E+02  0.88177658E-22 -0.58665705E-42
  0.32200000E+02  0.87645336E-22  0.44994088E-42
  0.32300000E+02  0.87117781E-22  0.19091543E-43
  0.32400000E+02  0.86594938E-22 -0.32276806E-42
  0.32500000E+02  0.86076752E-22 -0.17150889E-42
  0.32600000E+02  0.85563166E-22  0.80581083E-43
  0.32700000E+02  0.85054128E-22 -0.27897598E-42
  0.32800000E+02  0.84549584E-22  0.61511090E-43
  0.32900000E+02  0.84049482E-22 -0.91306904E-42
  0.33000000E+02  0.83553769E-22  0.71028276E-43
  0.33100000E+02  0.83062397E-22 -0.35102945E-43
  0.33200000E+02  0.82575313E-22 -0.27494351E-42
  0.33300000E+02  0.82092470E-22  0.16235525E-42
  0.33400000E+02  0.81613817E-22 -0.27079078E-42
  0.33500000E+02  0.81139308E-22  0.43797358E-43
  0.33600000E+02  0.80668894E-22  0.31700646E-42
  0.33700000E+02  0.80202529E-22 -0.20689480E-42
  0.33800000E+02  0.79740167E-22 -0.26757338E-44
  0.33900000E+02  0.79281763E-22 -0.53626752E-43
  0.34000000E+02  0.78827272E-22 -0.64769842E-43
  0.34100000E+02  0.78376649E-22  0.62594526E-42
  0.34200000E+02  0.77929852E-22  0.23005172E-42
  0.34300000E+02  0.77486838E-22 -0.43106713E-42
  0.34400000E+02  0.77047563E-22 -0.22567647E-42
  0.34500000E+02  0.76611987E-22  0.13058998E-42
  0.34600000E+02  0.76180068E-22 -0.33118503E-42
  0.34700000E+02  0.75751766E-22  0.73617530E-43
  0.34800000E+02  0.75327041E-22 -0.71026448E-43
  0.34900000E+02  0.74905853E-22  0.59665348E-42
  0.35000000E+02  0.74488164E-22  0.38855125E-42
  0.35100000E+02  0.74073935E-22 -0.68368676E-42
  0.35200000E+02  0.73663127E-22 -0.32910753E-42
  0.35300000E+02  0.73255705E-22  0.21689464E-42
  0.35400000E+02  0.72851630E-22 -0.44823838E-42
  0.35500000E+02  0.72450867E-22 -0.45214314E-42
  0.35600000E+02  0.72053380E-22  0.11292980E-42
  0.35700000E+02  0.71659134E-22 -0.33553852E-43
  0.35800000E+02  0.71268092E-22  0.16976865E-42
  0.35900000E+02  0.70880222E-22 -0.15960698E-42
  0.36000000E+02  0.70495489E-22  0.34584667E-42
  0.36100000E+02  0.70113859E-22  0.14785608E-42
  0.36200000E+02  0.69735300E-22 -0.22060860E-42
  0.36300000E+02  0.69359778E-22  0.14408928E-42
  0.36400000E+02  0.68987263E-22 -0.46541962E-42
  0.36500000E+02  0.68617721E-22 -0.18062265E-42
  0.36600000E+02  0.68251121E-22 -0.16223280E-42
  0.36700000E+02  0.67887433E-22  0.13719598E-42
  0.36800000E+02  0.67526625E-22 -0.31976729E-42
  0.36900000E+02  0.67168669E-22  0.18264765E-43
  0.37000000E+02  0.66813533E-22 -0.15134644E-42
  0.37100000E+02  0.66461189E-22 -0.41886278E-43
  0.37200000E+02  0.66111607E-22 -0.21454294E-43
  0.37300000E+02  0.65764759E-22  0.21185980E-42
  0.37400000E+02  0.65420617E-22  0.24338455E-42
  0.37500000E+02  0.65079153E-22  0.24759268E-42
  0.37600000E+02  0.64740339E-22 -0.26731770E-42
  0.37700000E+02  0.64404148E-22 -0.60787306E-43
  0.37800000E+02  0.64070553E-22  0.44517275E-42
  0.37900000E+02  0.63739527E-22  0.38947027E-42
  0.38000000E+02  0.63411045E-22  0.51180663E-43
  0.38100000E+02  0.63085081E-22  0.93278469E-43
  0.38200000E+02  0.62761609E-22  0.11261576E-42
  0.38300000E+02  0.62440603E-22 -0.14908794E-42
  0.38400000E+02  0.62122040E-22 -0.19137048E-43
  0.38500000E+02  0.61805894E-22 -0.29241525E-42
  0.38600000E+02  0.61492142E-22 -0.27783759E-42
  0.38700000E+02  0.61180758E-22 -0.44791861E-42
  0.38800000E+02  0.60871721E-22  0.16878212E-42
  0.38900000E+02  0.60565005E-22  0.36534425E-42
  0.39000000E+02  0.60260588E-22 -0.15943968E-42
  0.39100000E+02  0.59958448E-22 -0.83921225E-43
  0.39200000E+02  0.59658562E-22 -0.17961727E-42
  0.39300000E+02  0.59360907E-22  0.42054004E-42
  0.39400000E+02  0.59065462E-22  0.24381335E-42
  0.39500000E+02  0.58772204E-22 -0.13187162E-42
  0.39600000E+02  0.58481114E-22 -0.15095962E-42
  0.39700000E+02  0.58192168E-22 -0.26562291E-43
  0.39800000E+02  0.57905347E-22 -0.12851881E-42
  0.39900000E+02  0.57620629E-22  0.28223438E-42
  0.40000000E+02  0.57337995E-22  0.17206242E-42
