  0.00000000E+00 -0.35905911E-24  0.11520834E-36
  0.10000000E+00 -0.28133853E-24  0.54538666E-37
  0.20000000E+00 -0.21884463E-24  0.22302857E-37
  0.30000000E+00 -0.18426625E-24  0.11509409E-37
  0.40000000E+00 -0.16211108E-24  0.67977951E-38
  0.50000000E+00 -0.14767452E-24  0.43129520E-38
  0.60000000E+00 -0.13821233E-24  0.28879199E-38
  0.70000000E+00 -0.13192268E-24  0.20117709E-38
  0.80000000E+00 -0.12764012E-24  0.13454773E-38
  0.90000000E+00 -0.12461514E-24  0.10322872E-38
  0.10000000E+01 -0.12236423E-24  0.69098038E-39
  0.11000000E+01 -0.12057405E-24  0.46329479E-39
  0.12000000E+01 -0.11904112E-24  0.29671200E-39
  0.13000000E+01 -0.11763375E-24  0.19666618E-39
  0.14000000E+01 -0.11626770E-24  0.95712114E-40
  0.15000000E+01 -0.11489039E-24  0.18030346E-40
  0.16000000E+01 -0.11347052E-24 -0.43969581E-40
  0.17000000E+01 -0.11199107E-24 -0.78271242E-40
  0.18000000E+01 -0.11044465E-24 -0.13828344E-39
  0.19000000E+01 -0.10883022E-24 -0.16689248E-39
  0.20000000E+01 -0.10715091E-24 -0.18547981E-39
  0.21000000E+01 -0.10541243E-24 -0.19658297E-39
  0.22000000E+01 -0.10362201E-24 -0.22956475E-39
  0.23000000E+01 -0.10178765E-24 -0.23709488E-39
  0.24000000E+01 -0.99917616E-25 -0.26566062E-39
  0.25000000E+01 -0.98020061E-25 -0.26818709E-39
  0.26000000E+01 -0.96102823E-25 -0.26685153E-39
  0.27000000E+01 -0.94173265E-25 -0.28355025E-39
  0.28000000E+01 -0.92238191E-25 -0.28815324E-39
  0.29000000E+01 -0.90303803E-25 -0.30052820E-39
  0.30000000E+01 -0.88375690E-25 -0.31667752E-39
  0.31000000E+01 -0.86458832E-25 -0.30494465E-39
  0.32000000E+01 -0.84557625E-25 -0.30321250E-39
  0.33000000E+01 -0.82675914E-25 -0.30991094E-39
  0.34000000E+01 -0.80817024E-25 -0.31880889E-39
  0.35000000E+01 -0.78983804E-25 -0.31321022E-39
  0.36000000E+01 -0.77178664E-25 -0.32400726E-39
  0.37000000E+01 -0.75403617E-25 -0.32483583E-39
  0.38000000E+01 -0.73660318E-25 -0.30474009E-39
  0.39000000E+01 -0.71950096E-25 -0.31488588E-39
  0.40000000E+01 -0.70273995E-25 -0.31581558E-39
  0.41000000E+01 -0.68632800E-25 -0.31583955E-39
  0.42000000E+01 -0.67027072E-25 -0.30861219E-39
  0.43000000E+01 -0.65457170E-25 -0.31253184E-39
  0.44000000E+01 -0.63923280E-25 -0.31288637E-39
  0.45000000E+01 -0.62425434E-25 -0.31114322E-39
  0.46000000E+01 -0.60963531E-25 -0.31825030E-39
  0.47000000E+01 -0.59537357E-25 -0.31411893E-39
  0.48000000E+01 -0.58146600E-25 -0.31431120E-39
  0.49000000E+01 -0.56790863E-25 -0.31256174E-39
  0.50000000E+01 -0.55469681E-25 -0.29831379E-39
  0.51000000E+01 -0.54182526E-25 -0.30210465E-39
  0.52000000E+01 -0.52928824E-25 -0.30084529E-39
  0.53000000E+01 -0.51707960E-25 -0.29591566E-39
  0.54000000E+01 -0.50519288E-25 -0.30087152E-39
  0.55000000E+01 -0.49362134E-25 -0.29265166E-39
  0.56000000E+01 -0.48235809E-25 -0.29703975E-39
  0.57000000E+01 -0.47139608E-25 -0.28489718E-39
  0.58000000E+01 -0.46072816E-25 -0.28817670E-39
  0.59000000E+01 -0.45034714E-25 -0.29663277E-39
  0.60000000E+01 -0.44024583E-25 -0.28510861E-39
  0.61000000E+01 -0.43041704E-25 -0.27832426E-39
  0.62000000E+01 -0.42085361E-25 -0.27641193E-39
  0.63000000E+01 -0.41154846E-25 -0.27543685E-39
  0.64000000E+01 -0.40249458E-25 -0.27691691E-39
  0.65000000E+01 -0.39368506E-25 -0.27253384E-39
  0.66000000E+01 -0.38511311E-25 -0.27506327E-39
  0.67000000E+01 -0.37677203E-25 -0.26887295E-39
  0.68000000E+01 -0.36865529E-25 -0.26667776E-39
  0.69000000E+01 -0.36075645E-25 -0.26234556E-39
  0.70000000E+01 -0.35306925E-25 -0.26178549E-39
  0.71000000E+01 -0.34558755E-25 -0.26016126E-39
  0.72000000E+01 -0.33830536E-25 -0.25929790E-39
  0.73000000E+01 -0.33121687E-25 -0.25756005E-39
  0.74000000E+01 -0.32431637E-25 -0.25425570E-39
  0.75000000E+01 -0.31759834E-25 -0.24983543E-39
  0.76000000E+01 -0.31105739E-25 -0.25065392E-39
  0.77000000E+01 -0.30468830E-25 -0.24430548E-39
  0.78000000E+01 -0.29848596E-25 -0.24620351E-39
  0.79000000E+01 -0.29244546E-25 -0.24045366E-39
  0.80000000E+01 -0.28656198E-25 -0.24505125E-39
  0.81000000E+01 -0.28083088E-25 -0.24066146E-39
  0.82000000E+01 -0.27524764E-25 -0.23799259E-39
  0.83000000E+01 -0.26980788E-25 -0.23427395E-39
  0.84000000E+01 -0.26450736E-25 -0.23232446E-39
  0.85000000E+01 -0.25934196E-25 -0.22941786E-39
  0.86000000E+01 -0.25430768E-25 -0.22674873E-39
  0.87000000E+01 -0.24940067E-25 -0.22875432E-39
  0.88000000E+01 -0.24461718E-25 -0.22802387E-39
  0.89000000E+01 -0.23995358E-25 -0.21964016E-39
  0.90000000E+01 -0.23540636E-25 -0.22223110E-39
  0.91000000E+01 -0.23097211E-25 -0.21740470E-39
  0.92000000E+01 -0.22664754E-25 -0.21827029E-39
  0.93000000E+01 -0.22242946E-25 -0.21442095E-39
  0.94000000E+01 -0.21831476E-25 -0.21523536E-39
  0.95000000E+01 -0.21430047E-25 -0.21298889E-39
  0.96000000E+01 -0.21038369E-25 -0.21055340E-39
  0.97000000E+01 -0.20656160E-25 -0.20911094E-39
  0.98000000E+01 -0.20283149E-25 -0.20375912E-39
  0.99000000E+01 -0.19919073E-25 -0.20583126E-39
  0.10000000E+02 -0.19563677E-25 -0.20465495E-39
  0.10100000E+02 -0.19216715E-25 -0.20067196E-39
  0.10200000E+02 -0.18877948E-25 -0.20207964E-39
  0.10300000E+02 -0.18547144E-25 -0.19800582E-39
  0.10400000E+02 -0.18224080E-25 -0.19877751E-39
  0.10500000E+02 -0.17908538E-25 -0.19456277E-39
  0.10600000E+02 -0.17600309E-25 -0.19234726E-39
  0.10700000E+02 -0.17299188E-25 -0.19080430E-39
  0.10800000E+02 -0.17004980E-25 -0.18776153E-39
  0.10900000E+02 -0.16717493E-25 -0.18882652E-39
  0.11000000E+02 -0.16436542E-25 -0.18439574E-39
  0.11100000E+02 -0.16161948E-25 -0.18691543E-39
  0.11200000E+02 -0.15893537E-25 -0.18443006E-39
  0.11300000E+02 -0.15631141E-25 -0.18148923E-39
  0.11400000E+02 -0.15374597E-25 -0.17922261E-39
  0.11500000E+02 -0.15123747E-25 -0.17841567E-39
  0.11600000E+02 -0.14878439E-25 -0.17635511E-39
  0.11700000E+02 -0.14638523E-25 -0.17627960E-39
  0.11800000E+02 -0.14403855E-25 -0.17390130E-39
  0.11900000E+02 -0.14174297E-25 -0.17206826E-39
  0.12000000E+02 -0.13949713E-25 -0.17233100E-39
  0.12100000E+02 -0.13729971E-25 -0.17021739E-39
  0.12200000E+02 -0.13514946E-25 -0.16759686E-39
  0.12300000E+02 -0.13304513E-25 -0.16780592E-39
  0.12400000E+02 -0.13098552E-25 -0.16474425E-39
  0.12500000E+02 -0.12896948E-25 -0.16384379E-39
  0.12600000E+02 -0.12699588E-25 -0.16231343E-39
  0.12700000E+02 -0.12506364E-25 -0.16226199E-39
  0.12800000E+02 -0.12317168E-25 -0.15987677E-39
  0.12900000E+02 -0.12131898E-25 -0.15779971E-39
  0.13000000E+02 -0.11950455E-25 -0.15642398E-39
  0.13100000E+02 -0.11772741E-25 -0.15607772E-39
  0.13200000E+02 -0.11598662E-25 -0.15443061E-39
  0.13300000E+02 -0.11428128E-25 -0.15300419E-39
  0.13400000E+02 -0.11261048E-25 -0.15128085E-39
  0.13500000E+02 -0.11097339E-25 -0.14897597E-39
  0.13600000E+02 -0.10936915E-25 -0.14844879E-39
  0.13700000E+02 -0.10779695E-25 -0.14903640E-39
  0.13800000E+02 -0.10625602E-25 -0.14694850E-39
  0.13900000E+02 -0.10474557E-25 -0.14450288E-39
  0.14000000E+02 -0.10326487E-25 -0.14426271E-39
  0.14100000E+02 -0.10181320E-25 -0.14267711E-39
  0.14200000E+02 -0.10038984E-25 -0.14215179E-39
  0.14300000E+02 -0.98994130E-26 -0.14093956E-39
  0.14400000E+02 -0.97625391E-26 -0.13946673E-39
  0.14500000E+02 -0.96282982E-26 -0.13899014E-39
  0.14600000E+02 -0.94966275E-26 -0.13751332E-39
  0.14700000E+02 -0.93674662E-26 -0.13744218E-39
  0.14800000E+02 -0.92407549E-26 -0.13578693E-39
  0.14900000E+02 -0.91164360E-26 -0.13340702E-39
  0.15000000E+02 -0.89944534E-26 -0.13203491E-39
  0.15100000E+02 -0.88747527E-26 -0.13313860E-39
  0.15200000E+02 -0.87572807E-26 -0.13155320E-39
  0.15300000E+02 -0.86419859E-26 -0.13058890E-39
  0.15400000E+02 -0.85288180E-26 -0.12872674E-39
  0.15500000E+02 -0.84177283E-26 -0.12798511E-39
  0.15600000E+02 -0.83086693E-26 -0.12649068E-39
  0.15700000E+02 -0.82015945E-26 -0.12576058E-39
  0.15800000E+02 -0.80964591E-26 -0.12470833E-39
  0.15900000E+02 -0.79932193E-26 -0.12333697E-39
  0.16000000E+02 -0.78918323E-26 -0.12313566E-39
  0.16100000E+02 -0.77922566E-26 -0.12126264E-39
  0.16200000E+02 -0.76944518E-26 -0.12120070E-39
  0.16300000E+02 -0.75983785E-26 -0.11964850E-39
  0.16400000E+02 -0.75039984E-26 -0.11862860E-39
  0.16500000E+02 -0.74112741E-26 -0.11777871E-39
  0.16600000E+02 -0.73201693E-26 -0.11694237E-39
  0.16700000E+02 -0.72306484E-26 -0.11726324E-39
  0.16800000E+02 -0.71426771E-26 -0.11580005E-39
  0.16900000E+02 -0.70562215E-26 -0.11435909E-39
  0.17000000E+02 -0.69712491E-26 -0.11390378E-39
  0.17100000E+02 -0.68877277E-26 -0.11278059E-39
  0.17200000E+02 -0.68056263E-26 -0.11208327E-39
  0.17300000E+02 -0.67249146E-26 -0.11114081E-39
  0.17400000E+02 -0.66455629E-26 -0.11000542E-39
  0.17500000E+02 -0.65675424E-26 -0.10972103E-39
  0.17600000E+02 -0.64908251E-26 -0.10773273E-39
  0.17700000E+02 -0.64153835E-26 -0.10759268E-39
  0.17800000E+02 -0.63411908E-26 -0.10659540E-39
  0.17900000E+02 -0.62682210E-26 -0.10559502E-39
  0.18000000E+02 -0.61964488E-26 -0.10472900E-39
  0.18100000E+02 -0.61258492E-26 -0.10459824E-39
  0.18200000E+02 -0.60563981E-26 -0.10379016E-39
  0.18300000E+02 -0.59880719E-26 -0.10250593E-39
  0.18400000E+02 -0.59208476E-26 -0.10167941E-39
  0.18500000E+02 -0.58547027E-26 -0.10157517E-39
  0.18600000E+02 -0.57896152E-26 -0.99684843E-40
  0.18700000E+02 -0.57255639E-26 -0.99754979E-40
  0.18800000E+02 -0.56625278E-26 -0.98658512E-40
  0.18900000E+02 -0.56004865E-26 -0.98548117E-40
  0.19000000E+02 -0.55394201E-26 -0.97462901E-40
  0.19100000E+02 -0.54793093E-26 -0.95811423E-40
  0.19200000E+02 -0.54201350E-26 -0.95837748E-40
  0.19300000E+02 -0.53618787E-26 -0.95427930E-40
  0.19400000E+02 -0.53045224E-26 -0.94758244E-40
  0.19500000E+02 -0.52480483E-26 -0.93583249E-40
  0.19600000E+02 -0.51924393E-26 -0.92902343E-40
  0.19700000E+02 -0.51376786E-26 -0.93133670E-40
  0.19800000E+02 -0.50837496E-26 -0.92263075E-40
  0.19900000E+02 -0.50306362E-26 -0.90890202E-40
  0.20000000E+02 -0.49783229E-26 -0.90630051E-40
  0.20100000E+02 -0.49267941E-26 -0.89852668E-40
  0.20200000E+02 -0.48760351E-26 -0.89099470E-40
  0.20300000E+02 -0.48260310E-26 -0.88977325E-40
  0.20400000E+02 -0.47767676E-26 -0.88424459E-40
  0.20500000E+02 -0.47282309E-26 -0.87409231E-40
  0.20600000E+02 -0.46804072E-26 -0.86900145E-40
  0.20700000E+02 -0.46332831E-26 -0.86280423E-40
  0.20800000E+02 -0.45868457E-26 -0.85387640E-40
  0.20900000E+02 -0.45410820E-26 -0.84654461E-40
  0.21000000E+02 -0.44959796E-26 -0.84238587E-40
  0.21100000E+02 -0.44515262E-26 -0.83536169E-40
  0.21200000E+02 -0.44077100E-26 -0.83104334E-40
  0.21300000E+02 -0.43645193E-26 -0.82253518E-40
  0.21400000E+02 -0.43219426E-26 -0.82352058E-40
  0.21500000E+02 -0.42799687E-26 -0.80951247E-40
  0.21600000E+02 -0.42385868E-26 -0.81035187E-40
  0.21700000E+02 -0.41977860E-26 -0.79962185E-40
  0.21800000E+02 -0.41575560E-26 -0.79054093E-40
  0.21900000E+02 -0.41178866E-26 -0.78493568E-40
  0.22000000E+02 -0.40787676E-26 -0.78193461E-40
  0.22100000E+02 -0.40401893E-26 -0.78107992E-40
  0.22200000E+02 -0.40021421E-26 -0.77153834E-40
  0.22300000E+02 -0.39646166E-26 -0.76918167E-40
  0.22400000E+02 -0.39276037E-26 -0.76487798E-40
  0.22500000E+02 -0.38910943E-26 -0.75579839E-40
  0.22600000E+02 -0.38550795E-26 -0.74760049E-40
  0.22700000E+02 -0.38195509E-26 -0.75597123E-40
  0.22800000E+02 -0.37845000E-26 -0.74191174E-40
  0.22900000E+02 -0.37499184E-26 -0.73733992E-40
  0.23000000E+02 -0.37157981E-26 -0.73120595E-40
  0.23100000E+02 -0.36821312E-26 -0.72702533E-40
  0.23200000E+02 -0.36489100E-26 -0.72191246E-40
  0.23300000E+02 -0.36161267E-26 -0.72053223E-40
  0.23400000E+02 -0.35837740E-26 -0.71262238E-40
  0.23500000E+02 -0.35518446E-26 -0.71106323E-40
  0.23600000E+02 -0.35203313E-26 -0.70333197E-40
  0.23700000E+02 -0.34892272E-26 -0.69861063E-40
  0.23800000E+02 -0.34585254E-26 -0.69323722E-40
  0.23900000E+02 -0.34282191E-26 -0.68974733E-40
  0.24000000E+02 -0.33983018E-26 -0.68696652E-40
  0.24100000E+02 -0.33687670E-26 -0.68074931E-40
  0.24200000E+02 -0.33396085E-26 -0.67570383E-40
  0.24300000E+02 -0.33108200E-26 -0.67120614E-40
  0.24400000E+02 -0.32823954E-26 -0.66412484E-40
  0.24500000E+02 -0.32543288E-26 -0.66203022E-40
  0.24600000E+02 -0.32266144E-26 -0.65817039E-40
  0.24700000E+02 -0.31992464E-26 -0.65574455E-40
  0.24800000E+02 -0.31722193E-26 -0.65103538E-40
  0.24900000E+02 -0.31455275E-26 -0.64710875E-40
  0.25000000E+02 -0.31191656E-26 -0.64162876E-40
  0.25100000E+02 -0.30931285E-26 -0.63891114E-40
  0.25200000E+02 -0.30674108E-26 -0.63338182E-40
  0.25300000E+02 -0.30420075E-26 -0.62719901E-40
  0.25400000E+02 -0.30169136E-26 -0.62377423E-40
  0.25500000E+02 -0.29921243E-26 -0.62050147E-40
  0.25600000E+02 -0.29676347E-26 -0.61452832E-40
  0.25700000E+02 -0.29434401E-26 -0.61284650E-40
  0.25800000E+02 -0.29195360E-26 -0.61036337E-40
  0.25900000E+02 -0.28959177E-26 -0.60711429E-40
  0.26000000E+02 -0.28725809E-26 -0.59751441E-40
  0.26100000E+02 -0.28495212E-26 -0.59731678E-40
  0.26200000E+02 -0.28267343E-26 -0.59265626E-40
  0.26300000E+02 -0.28042160E-26 -0.59265670E-40
  0.26400000E+02 -0.27819622E-26 -0.58440850E-40
  0.26500000E+02 -0.27599689E-26 -0.58298242E-40
  0.26600000E+02 -0.27382321E-26 -0.57665029E-40
  0.26700000E+02 -0.27167479E-26 -0.57702548E-40
  0.26800000E+02 -0.26955125E-26 -0.56848772E-40
  0.26900000E+02 -0.26745221E-26 -0.56788473E-40
  0.27000000E+02 -0.26537731E-26 -0.56398738E-40
  0.27100000E+02 -0.26332618E-26 -0.56358500E-40
  0.27200000E+02 -0.26129847E-26 -0.55797030E-40
  0.27300000E+02 -0.25929383E-26 -0.55626045E-40
  0.27400000E+02 -0.25731192E-26 -0.55203119E-40
  0.27500000E+02 -0.25535240E-26 -0.54409503E-40
  0.27600000E+02 -0.25341494E-26 -0.54757453E-40
  0.27700000E+02 -0.25149923E-26 -0.53817197E-40
  0.27800000E+02 -0.24960493E-26 -0.53880224E-40
  0.27900000E+02 -0.24773174E-26 -0.53680053E-40
  0.28000000E+02 -0.24587935E-26 -0.53143562E-40
  0.28100000E+02 -0.24404747E-26 -0.53138209E-40
  0.28200000E+02 -0.24223578E-26 -0.52209543E-40
  0.28300000E+02 -0.24044401E-26 -0.51721846E-40
  0.28400000E+02 -0.23867186E-26 -0.51940759E-40
  0.28500000E+02 -0.23691906E-26 -0.51736545E-40
  0.28600000E+02 -0.23518533E-26 -0.51202415E-40
  0.28700000E+02 -0.23347040E-26 -0.50779412E-40
  0.28800000E+02 -0.23177400E-26 -0.50794077E-40
  0.28900000E+02 -0.23009587E-26 -0.50435872E-40
  0.29000000E+02 -0.22843576E-26 -0.49994440E-40
  0.29100000E+02 -0.22679340E-26 -0.49768484E-40
  0.29200000E+02 -0.22516855E-26 -0.49565909E-40
  0.29300000E+02 -0.22356098E-26 -0.49217399E-40
  0.29400000E+02 -0.22197042E-26 -0.49048815E-40
  0.29500000E+02 -0.22039666E-26 -0.48644780E-40
  0.29600000E+02 -0.21883946E-26 -0.48243922E-40
  0.29700000E+02 -0.21729859E-26 -0.48241617E-40
  0.29800000E+02 -0.21577382E-26 -0.48095932E-40
  0.29900000E+02 -0.21426494E-26 -0.47310409E-40
  0.30000000E+02 -0.21277173E-26 -0.47436594E-40
  0.30100000E+02 -0.21129398E-26 -0.47191834E-40
  0.30200000E+02 -0.20983147E-26 -0.46688734E-40
  0.30300000E+02 -0.20838400E-26 -0.46406921E-40
  0.30400000E+02 -0.20695136E-26 -0.46225831E-40
  0.30500000E+02 -0.20553337E-26 -0.45836413E-40
  0.30600000E+02 -0.20412981E-26 -0.45930902E-40
  0.30700000E+02 -0.20274051E-26 -0.45376547E-40
  0.30800000E+02 -0.20136526E-26 -0.45013268E-40
  0.30900000E+02 -0.20000388E-26 -0.44986539E-40
  0.31000000E+02 -0.19865619E-26 -0.44771247E-40
  0.31100000E+02 -0.19732201E-26 -0.44261227E-40
  0.31200000E+02 -0.19600116E-26 -0.43905526E-40
  0.31300000E+02 -0.19469347E-26 -0.44025519E-40
  0.31400000E+02 -0.19339875E-26 -0.43584318E-40
  0.31500000E+02 -0.19211685E-26 -0.43603633E-40
  0.31600000E+02 -0.19084760E-26 -0.43430400E-40
  0.31700000E+02 -0.18959083E-26 -0.43156206E-40
  0.31800000E+02 -0.18834638E-26 -0.42847962E-40
  0.31900000E+02 -0.18711409E-26 -0.42529257E-40
  0.32000000E+02 -0.18589381E-26 -0.42367101E-40
  0.32100000E+02 -0.18468538E-26 -0.41970025E-40
  0.32200000E+02 -0.18348866E-26 -0.41919384E-40
  0.32300000E+02 -0.18230348E-26 -0.41557808E-40
  0.32400000E+02 -0.18112971E-26 -0.41607046E-40
  0.32500000E+02 -0.17996721E-26 -0.41256408E-40
  0.32600000E+02 -0.17881582E-26 -0.41002365E-40
  0.32700000E+02 -0.17767541E-26 -0.40704513E-40
  0.32800000E+02 -0.17654584E-26 -0.40245437E-40
  0.32900000E+02 -0.17542698E-26 -0.40236189E-40
  0.33000000E+02 -0.17431868E-26 -0.40121994E-40
  0.33100000E+02 -0.17322083E-26 -0.39815112E-40
  0.33200000E+02 -0.17213329E-26 -0.39164797E-40
  0.33300000E+02 -0.17105593E-26 -0.39412952E-40
  0.33400000E+02 -0.16998864E-26 -0.39098069E-40
  0.33500000E+02 -0.16893127E-26 -0.38849360E-40
  0.33600000E+02 -0.16788372E-26 -0.38750030E-40
  0.33700000E+02 -0.16684585E-26 -0.38428212E-40
  0.33800000E+02 -0.16581757E-26 -0.38320318E-40
  0.33900000E+02 -0.16479874E-26 -0.38314746E-40
  0.34000000E+02 -0.16378925E-26 -0.37969658E-40
  0.34100000E+02 -0.16278899E-26 -0.37882781E-40
  0.34200000E+02 -0.16179785E-26 -0.37662082E-40
  0.34300000E+02 -0.16081573E-26 -0.37304447E-40
  0.34400000E+02 -0.15984250E-26 -0.37282792E-40
  0.34500000E+02 -0.15887806E-26 -0.36852425E-40
  0.34600000E+02 -0.15792232E-26 -0.37061404E-40
  0.34700000E+02 -0.15697516E-26 -0.36748035E-40
  0.34800000E+02 -0.15603649E-26 -0.36552479E-40
  0.34900000E+02 -0.15510620E-26 -0.36261320E-40
  0.35000000E+02 -0.15418419E-26 -0.36148454E-40
  0.35100000E+02 -0.15327038E-26 -0.35955773E-40
  0.35200000E+02 -0.15236466E-26 -0.35846675E-40
  0.35300000E+02 -0.15146693E-26 -0.35557454E-40
  0.35400000E+02 -0.15057711E-26 -0.35317125E-40
  0.35500000E+02 -0.14969510E-26 -0.35208140E-40
  0.35600000E+02 -0.14882081E-26 -0.34919784E-40
  0.35700000E+02 -0.14795415E-26 -0.34864203E-40
  0.35800000E+02 -0.14709504E-26 -0.34840113E-40
  0.35900000E+02 -0.14624339E-26 -0.34532791E-40
  0.36000000E+02 -0.14539911E-26 -0.34354900E-40
  0.36100000E+02 -0.14456211E-26 -0.34162738E-40
  0.36200000E+02 -0.14373233E-26 -0.34108117E-40
  0.36300000E+02 -0.14290966E-26 -0.33859229E-40
  0.36400000E+02 -0.14209403E-26 -0.33801306E-40
  0.36500000E+02 -0.14128537E-26 -0.33505711E-40
  0.36600000E+02 -0.14048359E-26 -0.33405236E-40
  0.36700000E+02 -0.13968862E-26 -0.33206077E-40
  0.36800000E+02 -0.13890038E-26 -0.33007853E-40
  0.36900000E+02 -0.13811879E-26 -0.32857059E-40
  0.37000000E+02 -0.13734378E-26 -0.32746665E-40
  0.37100000E+02 -0.13657527E-26 -0.32494666E-40
  0.37200000E+02 -0.13581321E-26 -0.32007086E-40
  0.37300000E+02 -0.13505750E-26 -0.32180832E-40
  0.37400000E+02 -0.13430809E-26 -0.31878253E-40
  0.37500000E+02 -0.13356490E-26 -0.31876717E-40
  0.37600000E+02 -0.13282787E-26 -0.31799755E-40
  0.37700000E+02 -0.13209692E-26 -0.31564300E-40
  0.37800000E+02 -0.13137200E-26 -0.31432774E-40
  0.37900000E+02 -0.13065303E-26 -0.31086255E-40
  0.38000000E+02 -0.12993995E-26 -0.31116469E-40
  0.38100000E+02 -0.12923270E-26 -0.30934220E-40
  0.38200000E+02 -0.12853121E-26 -0.30890754E-40
  0.38300000E+02 -0.12783543E-26 -0.30573388E-40
  0.38400000E+02 -0.12714528E-26 -0.30665304E-40
  0.38500000E+02 -0.12646071E-26 -0.30380522E-40
  0.38600000E+02 -0.12578167E-26 -0.30017063E-40
  0.38700000E+02 -0.12510808E-26 -0.30174920E-40
  0.38800000E+02 -0.12443990E-26 -0.29957600E-40
  0.38900000E+02 -0.12377706E-26 -0.29831224E-40
  0.39000000E+02 -0.12311951E-26 -0.29732370E-40
  0.39100000E+02 -0.12246720E-26 -0.29584158E-40
  0.39200000E+02 -0.12182006E-26 -0.29433534E-40
  0.39300000E+02 -0.12117805E-26 -0.29160366E-40
  0.39400000E+02 -0.12054110E-26 -0.29008036E-40
  0.39500000E+02 -0.11990917E-26 -0.28969190E-40
  0.39600000E+02 -0.11928220E-26 -0.28875939E-40
  0.39700000E+02 -0.11866015E-26 -0.28702898E-40
  0.39800000E+02 -0.11804296E-26 -0.28597383E-40
  0.39900000E+02 -0.11743058E-26 -0.28422239E-40
  0.40000000E+02 -0.11682296E-26 -0.28368442E-40
