  0.00000000E+00  0.68325057E-23 -0.80325121E-36
  0.10000000E+00 -0.35289452E-23 -0.46229242E-36
  0.20000000E+00 -0.48712605E-23 -0.24019788E-36
  0.30000000E+00 -0.42954330E-23 -0.14906105E-36
  0.40000000E+00 -0.37779175E-23 -0.10405470E-36
  0.50000000E+00 -0.33993382E-23 -0.77540670E-37
  0.60000000E+00 -0.31174877E-23 -0.60202118E-37
  0.70000000E+00 -0.28991277E-23 -0.48025937E-37
  0.80000000E+00 -0.27233709E-23 -0.39063563E-37
  0.90000000E+00 -0.25771901E-23 -0.32401222E-37
  0.10000000E+01 -0.24522446E-23 -0.27292440E-37
  0.11000000E+01 -0.23430226E-23 -0.23141408E-37
  0.12000000E+01 -0.22457710E-23 -0.19778188E-37
  0.13000000E+01 -0.21578640E-23 -0.17211337E-37
  0.14000000E+01 -0.20774205E-23 -0.14931375E-37
  0.15000000E+01 -0.20030649E-23 -0.13215577E-37
  0.16000000E+01 -0.19337722E-23 -0.11630592E-37
  0.17000000E+01 -0.18687664E-23 -0.10348584E-37
  0.18000000E+01 -0.18074507E-23 -0.92578795E-38
  0.19000000E+01 -0.17493601E-23 -0.83447120E-38
  0.20000000E+01 -0.16941269E-23 -0.75799551E-38
  0.21000000E+01 -0.16414570E-23 -0.68885387E-38
  0.22000000E+01 -0.15911119E-23 -0.62920145E-38
  0.23000000E+01 -0.15428956E-23 -0.57939695E-38
  0.24000000E+01 -0.14966453E-23 -0.52451751E-38
  0.25000000E+01 -0.14522237E-23 -0.49109517E-38
  0.26000000E+01 -0.14095136E-23 -0.45433004E-38
  0.27000000E+01 -0.13684136E-23 -0.41685778E-38
  0.28000000E+01 -0.13288350E-23 -0.38726639E-38
  0.29000000E+01 -0.12906993E-23 -0.36261531E-38
  0.30000000E+01 -0.12539362E-23 -0.33413820E-38
  0.31000000E+01 -0.12184817E-23 -0.31737346E-38
  0.32000000E+01 -0.11842777E-23 -0.29539217E-38
  0.33000000E+01 -0.11512705E-23 -0.27461111E-38
  0.34000000E+01 -0.11194101E-23 -0.25970465E-38
  0.35000000E+01 -0.10886500E-23 -0.24754140E-38
  0.36000000E+01 -0.10589463E-23 -0.23387305E-38
  0.37000000E+01 -0.10302575E-23 -0.22087752E-38
  0.38000000E+01 -0.10025444E-23 -0.20793161E-38
  0.39000000E+01 -0.97576968E-24 -0.19918571E-38
  0.40000000E+01 -0.94989764E-24 -0.19088109E-38
  0.41000000E+01 -0.92489423E-24 -0.18000171E-38
  0.42000000E+01 -0.90072685E-24 -0.17167640E-38
  0.43000000E+01 -0.87736422E-24 -0.16219262E-38
  0.44000000E+01 -0.85477635E-24 -0.15297844E-38
  0.45000000E+01 -0.83293442E-24 -0.14781636E-38
  0.46000000E+01 -0.81181075E-24 -0.14116139E-38
  0.47000000E+01 -0.79137870E-24 -0.13605077E-38
  0.48000000E+01 -0.77161269E-24 -0.12623024E-38
  0.49000000E+01 -0.75248810E-24 -0.12295285E-38
  0.50000000E+01 -0.73398126E-24 -0.11488009E-38
  0.51000000E+01 -0.71606937E-24 -0.11423962E-38
  0.52000000E+01 -0.69873055E-24 -0.10861455E-38
  0.53000000E+01 -0.68194371E-24 -0.10732078E-38
  0.54000000E+01 -0.66568860E-24 -0.10024034E-38
  0.55000000E+01 -0.64994571E-24 -0.96200428E-39
  0.56000000E+01 -0.63469632E-24 -0.94013238E-39
  0.57000000E+01 -0.61992240E-24 -0.88222807E-39
  0.58000000E+01 -0.60560662E-24 -0.86528091E-39
  0.59000000E+01 -0.59173234E-24 -0.80698851E-39
  0.60000000E+01 -0.57828354E-24 -0.81724031E-39
  0.61000000E+01 -0.56524483E-24 -0.77473784E-39
  0.62000000E+01 -0.55260142E-24 -0.72844130E-39
  0.63000000E+01 -0.54033910E-24 -0.71517458E-39
  0.64000000E+01 -0.52844421E-24 -0.70491056E-39
  0.65000000E+01 -0.51690363E-24 -0.67143439E-39
  0.66000000E+01 -0.50570472E-24 -0.66594591E-39
  0.67000000E+01 -0.49483538E-24 -0.63943285E-39
  0.68000000E+01 -0.48428396E-24 -0.60927641E-39
  0.69000000E+01 -0.47403925E-24 -0.57654951E-39
  0.70000000E+01 -0.46409051E-24 -0.57101534E-39
  0.71000000E+01 -0.45442739E-24 -0.55749017E-39
  0.72000000E+01 -0.44503996E-24 -0.53241901E-39
  0.73000000E+01 -0.43591866E-24 -0.52066578E-39
  0.74000000E+01 -0.42705434E-24 -0.50434587E-39
  0.75000000E+01 -0.41843815E-24 -0.48443919E-39
  0.76000000E+01 -0.41006162E-24 -0.48034374E-39
  0.77000000E+01 -0.40191661E-24 -0.46313610E-39
  0.78000000E+01 -0.39399526E-24 -0.45338993E-39
  0.79000000E+01 -0.38629005E-24 -0.44022586E-39
  0.80000000E+01 -0.37879373E-24 -0.41759600E-39
  0.81000000E+01 -0.37149932E-24 -0.40856619E-39
  0.82000000E+01 -0.36440013E-24 -0.40945582E-39
  0.83000000E+01 -0.35748970E-24 -0.38973183E-39
  0.84000000E+01 -0.35076184E-24 -0.38729181E-39
  0.85000000E+01 -0.34421057E-24 -0.37679107E-39
  0.86000000E+01 -0.33783015E-24 -0.37176963E-39
  0.87000000E+01 -0.33161504E-24 -0.35259111E-39
  0.88000000E+01 -0.32555993E-24 -0.33501516E-39
  0.89000000E+01 -0.31965970E-24 -0.33685378E-39
  0.90000000E+01 -0.31390941E-24 -0.32622676E-39
  0.91000000E+01 -0.30830431E-24 -0.32462431E-39
  0.92000000E+01 -0.30283982E-24 -0.30799219E-39
  0.93000000E+01 -0.29751155E-24 -0.31197863E-39
  0.94000000E+01 -0.29231523E-24 -0.29487823E-39
  0.95000000E+01 -0.28724678E-24 -0.28692398E-39
  0.96000000E+01 -0.28230226E-24 -0.27479170E-39
  0.97000000E+01 -0.27747787E-24 -0.27874819E-39
  0.98000000E+01 -0.27276994E-24 -0.26911493E-39
  0.99000000E+01 -0.26817494E-24 -0.26365693E-39
  0.10000000E+02 -0.26368946E-24 -0.25503947E-39
  0.10100000E+02 -0.25931022E-24 -0.25425061E-39
  0.10200000E+02 -0.25503404E-24 -0.25273043E-39
  0.10300000E+02 -0.25085787E-24 -0.24464109E-39
  0.10400000E+02 -0.24677876E-24 -0.23520994E-39
  0.10500000E+02 -0.24279385E-24 -0.23694653E-39
  0.10600000E+02 -0.23890040E-24 -0.22443627E-39
  0.10700000E+02 -0.23509576E-24 -0.21932299E-39
  0.10800000E+02 -0.23137735E-24 -0.21787569E-39
  0.10900000E+02 -0.22774271E-24 -0.21387015E-39
  0.11000000E+02 -0.22418944E-24 -0.21213921E-39
  0.11100000E+02 -0.22071524E-24 -0.20078450E-39
  0.11200000E+02 -0.21731786E-24 -0.20485300E-39
  0.11300000E+02 -0.21399515E-24 -0.19971316E-39
  0.11400000E+02 -0.21074503E-24 -0.20026252E-39
  0.11500000E+02 -0.20756548E-24 -0.19125428E-39
  0.11600000E+02 -0.20445455E-24 -0.18770673E-39
  0.11700000E+02 -0.20141036E-24 -0.18518614E-39
  0.11800000E+02 -0.19843108E-24 -0.17740519E-39
  0.11900000E+02 -0.19551494E-24 -0.17654909E-39
  0.12000000E+02 -0.19266025E-24 -0.17500696E-39
  0.12100000E+02 -0.18986534E-24 -0.16889245E-39
  0.12200000E+02 -0.18712863E-24 -0.16223665E-39
  0.12300000E+02 -0.18444856E-24 -0.16616501E-39
  0.12400000E+02 -0.18182363E-24 -0.15697562E-39
  0.12500000E+02 -0.17925240E-24 -0.15386911E-39
  0.12600000E+02 -0.17673346E-24 -0.15704581E-39
  0.12700000E+02 -0.17426545E-24 -0.15144541E-39
  0.12800000E+02 -0.17184704E-24 -0.14934834E-39
  0.12900000E+02 -0.16947697E-24 -0.15381947E-39
  0.13000000E+02 -0.16715400E-24 -0.14825782E-39
  0.13100000E+02 -0.16487692E-24 -0.14242783E-39
  0.13200000E+02 -0.16264457E-24 -0.14060194E-39
  0.13300000E+02 -0.16045583E-24 -0.13640404E-39
  0.13400000E+02 -0.15830960E-24 -0.13606335E-39
  0.13500000E+02 -0.15620482E-24 -0.13703448E-39
  0.13600000E+02 -0.15414046E-24 -0.13118049E-39
  0.13700000E+02 -0.15211553E-24 -0.13234577E-39
  0.13800000E+02 -0.15012905E-24 -0.13041004E-39
  0.13900000E+02 -0.14818009E-24 -0.12470806E-39
  0.14000000E+02 -0.14626773E-24 -0.12499889E-39
  0.14100000E+02 -0.14439109E-24 -0.12553336E-39
  0.14200000E+02 -0.14254932E-24 -0.11999280E-39
  0.14300000E+02 -0.14074157E-24 -0.11820768E-39
  0.14400000E+02 -0.13896704E-24 -0.11550561E-39
  0.14500000E+02 -0.13722493E-24 -0.10943317E-39
  0.14600000E+02 -0.13551450E-24 -0.11712625E-39
  0.14700000E+02 -0.13383498E-24 -0.11285159E-39
  0.14800000E+02 -0.13218567E-24 -0.10667791E-39
  0.14900000E+02 -0.13056586E-24 -0.10862487E-39
  0.15000000E+02 -0.12897486E-24 -0.10811009E-39
  0.15100000E+02 -0.12741202E-24 -0.10618216E-39
  0.15200000E+02 -0.12587670E-24 -0.10466491E-39
  0.15300000E+02 -0.12436826E-24 -0.10245866E-39
  0.15400000E+02 -0.12288610E-24 -0.10150902E-39
  0.15500000E+02 -0.12142963E-24 -0.10239754E-39
  0.15600000E+02 -0.11999826E-24 -0.10032288E-39
  0.15700000E+02 -0.11859145E-24 -0.97919330E-40
  0.15800000E+02 -0.11720864E-24 -0.99696777E-40
  0.15900000E+02 -0.11584931E-24 -0.94655582E-40
  0.16000000E+02 -0.11451293E-24 -0.91171097E-40
  0.16100000E+02 -0.11319901E-24 -0.90704289E-40
  0.16200000E+02 -0.11190706E-24 -0.90755712E-40
  0.16300000E+02 -0.11063659E-24 -0.88737364E-40
  0.16400000E+02 -0.10938716E-24 -0.90278357E-40
  0.16500000E+02 -0.10815830E-24 -0.85328881E-40
  0.16600000E+02 -0.10694958E-24 -0.86061745E-40
  0.16700000E+02 -0.10576057E-24 -0.81936288E-40
  0.16800000E+02 -0.10459084E-24 -0.80588603E-40
  0.16900000E+02 -0.10344001E-24 -0.79783463E-40
  0.17000000E+02 -0.10230766E-24 -0.83965923E-40
  0.17100000E+02 -0.10119342E-24 -0.79458240E-40
  0.17200000E+02 -0.10009690E-24 -0.78805250E-40
  0.17300000E+02 -0.99017743E-25 -0.77492980E-40
  0.17400000E+02 -0.97955591E-25 -0.75367014E-40
  0.17500000E+02 -0.96910095E-25 -0.78455036E-40
  0.17600000E+02 -0.95880914E-25 -0.76262170E-40
  0.17700000E+02 -0.94867719E-25 -0.73337562E-40
  0.17800000E+02 -0.93870185E-25 -0.73245289E-40
  0.17900000E+02 -0.92887998E-25 -0.73862618E-40
  0.18000000E+02 -0.91920850E-25 -0.68130719E-40
  0.18100000E+02 -0.90968443E-25 -0.71604436E-40
  0.18200000E+02 -0.90030482E-25 -0.69371982E-40
  0.18300000E+02 -0.89106684E-25 -0.69171792E-40
  0.18400000E+02 -0.88196769E-25 -0.71316260E-40
  0.18500000E+02 -0.87300466E-25 -0.69349829E-40
  0.18600000E+02 -0.86417509E-25 -0.68226671E-40
  0.18700000E+02 -0.85547640E-25 -0.65743883E-40
  0.18800000E+02 -0.84690606E-25 -0.64678597E-40
  0.18900000E+02 -0.83846159E-25 -0.62476875E-40
  0.19000000E+02 -0.83014059E-25 -0.62374780E-40
  0.19100000E+02 -0.82194070E-25 -0.61784358E-40
  0.19200000E+02 -0.81385962E-25 -0.64105945E-40
  0.19300000E+02 -0.80589511E-25 -0.61962540E-40
  0.19400000E+02 -0.79804498E-25 -0.58824112E-40
  0.19500000E+02 -0.79030707E-25 -0.58915380E-40
  0.19600000E+02 -0.78267930E-25 -0.59242770E-40
  0.19700000E+02 -0.77515962E-25 -0.58575398E-40
  0.19800000E+02 -0.76774604E-25 -0.59832575E-40
  0.19900000E+02 -0.76043658E-25 -0.56393190E-40
  0.20000000E+02 -0.75322935E-25 -0.57905541E-40
  0.20100000E+02 -0.74612248E-25 -0.57266084E-40
  0.20200000E+02 -0.73911414E-25 -0.56739462E-40
  0.20300000E+02 -0.73220254E-25 -0.54699414E-40
  0.20400000E+02 -0.72538595E-25 -0.55654935E-40
  0.20500000E+02 -0.71866265E-25 -0.54045397E-40
  0.20600000E+02 -0.71203097E-25 -0.55662330E-40
  0.20700000E+02 -0.70548929E-25 -0.52923666E-40
  0.20800000E+02 -0.69903600E-25 -0.55014766E-40
  0.20900000E+02 -0.69266955E-25 -0.51752875E-40
  0.21000000E+02 -0.68638840E-25 -0.50416785E-40
  0.21100000E+02 -0.68019105E-25 -0.51699545E-40
  0.21200000E+02 -0.67407606E-25 -0.50260416E-40
  0.21300000E+02 -0.66804198E-25 -0.50871134E-40
  0.21400000E+02 -0.66208741E-25 -0.48620741E-40
  0.21500000E+02 -0.65621099E-25 -0.47905820E-40
  0.21600000E+02 -0.65041136E-25 -0.47380690E-40
  0.21700000E+02 -0.64468722E-25 -0.48472723E-40
  0.21800000E+02 -0.63903728E-25 -0.48920919E-40
  0.21900000E+02 -0.63346028E-25 -0.46956609E-40
  0.22000000E+02 -0.62795498E-25 -0.49084367E-40
  0.22100000E+02 -0.62252018E-25 -0.48302555E-40
  0.22200000E+02 -0.61715469E-25 -0.45298598E-40
  0.22300000E+02 -0.61185736E-25 -0.45730653E-40
  0.22400000E+02 -0.60662706E-25 -0.43834564E-40
  0.22500000E+02 -0.60146266E-25 -0.44349425E-40
  0.22600000E+02 -0.59636309E-25 -0.44214464E-40
  0.22700000E+02 -0.59132727E-25 -0.43974443E-40
  0.22800000E+02 -0.58635416E-25 -0.44544404E-40
  0.22900000E+02 -0.58144274E-25 -0.42828921E-40
  0.23000000E+02 -0.57659200E-25 -0.43184030E-40
  0.23100000E+02 -0.57180096E-25 -0.43515176E-40
  0.23200000E+02 -0.56706866E-25 -0.43779337E-40
  0.23300000E+02 -0.56239414E-25 -0.41220729E-40
  0.23400000E+02 -0.55777650E-25 -0.42942292E-40
  0.23500000E+02 -0.55321481E-25 -0.42157442E-40
  0.23600000E+02 -0.54870819E-25 -0.41217174E-40
  0.23700000E+02 -0.54425576E-25 -0.39882490E-40
  0.23800000E+02 -0.53985667E-25 -0.40049306E-40
  0.23900000E+02 -0.53551009E-25 -0.39739274E-40
  0.24000000E+02 -0.53121518E-25 -0.40613971E-40
  0.24100000E+02 -0.52697114E-25 -0.39509883E-40
  0.24200000E+02 -0.52277719E-25 -0.38268802E-40
  0.24300000E+02 -0.51863254E-25 -0.37941362E-40
  0.24400000E+02 -0.51453643E-25 -0.36951724E-40
  0.24500000E+02 -0.51048812E-25 -0.37263489E-40
  0.24600000E+02 -0.50648687E-25 -0.38110342E-40
  0.24700000E+02 -0.50253197E-25 -0.37888707E-40
  0.24800000E+02 -0.49862271E-25 -0.36994279E-40
  0.24900000E+02 -0.49475839E-25 -0.34724527E-40
  0.25000000E+02 -0.49093835E-25 -0.35675860E-40
  0.25100000E+02 -0.48716190E-25 -0.35132168E-40
  0.25200000E+02 -0.48342841E-25 -0.34788028E-40
  0.25300000E+02 -0.47973722E-25 -0.35018550E-40
  0.25400000E+02 -0.47608770E-25 -0.34639506E-40
  0.25500000E+02 -0.47247924E-25 -0.35949512E-40
  0.25600000E+02 -0.46891124E-25 -0.34188555E-40
  0.25700000E+02 -0.46538308E-25 -0.35258482E-40
  0.25800000E+02 -0.46189420E-25 -0.33173341E-40
  0.25900000E+02 -0.45844401E-25 -0.34664830E-40
  0.26000000E+02 -0.45503194E-25 -0.33467853E-40
  0.26100000E+02 -0.45165746E-25 -0.33185070E-40
  0.26200000E+02 -0.44832000E-25 -0.32954972E-40
  0.26300000E+02 -0.44501904E-25 -0.33372896E-40
  0.26400000E+02 -0.44175405E-25 -0.31946825E-40
  0.26500000E+02 -0.43852451E-25 -0.31223456E-40
  0.26600000E+02 -0.43532992E-25 -0.31701611E-40
  0.26700000E+02 -0.43216979E-25 -0.32833905E-40
  0.26800000E+02 -0.42904361E-25 -0.31569697E-40
  0.26900000E+02 -0.42595092E-25 -0.31839627E-40
  0.27000000E+02 -0.42289123E-25 -0.31727896E-40
  0.27100000E+02 -0.41986409E-25 -0.31336056E-40
  0.27200000E+02 -0.41686905E-25 -0.30309095E-40
  0.27300000E+02 -0.41390564E-25 -0.30835738E-40
  0.27400000E+02 -0.41097343E-25 -0.30035628E-40
  0.27500000E+02 -0.40807200E-25 -0.29368188E-40
  0.27600000E+02 -0.40520091E-25 -0.29757344E-40
  0.27700000E+02 -0.40235974E-25 -0.29578975E-40
  0.27800000E+02 -0.39954809E-25 -0.29161234E-40
  0.27900000E+02 -0.39676555E-25 -0.28679334E-40
  0.28000000E+02 -0.39401173E-25 -0.27858606E-40
  0.28100000E+02 -0.39128622E-25 -0.29267381E-40
  0.28200000E+02 -0.38858866E-25 -0.28852462E-40
  0.28300000E+02 -0.38591867E-25 -0.28003857E-40
  0.28400000E+02 -0.38327586E-25 -0.27418206E-40
  0.28500000E+02 -0.38065988E-25 -0.28366233E-40
  0.28600000E+02 -0.37807037E-25 -0.27272567E-40
  0.28700000E+02 -0.37550697E-25 -0.26017572E-40
  0.28800000E+02 -0.37296935E-25 -0.27343096E-40
  0.28900000E+02 -0.37045714E-25 -0.27351884E-40
  0.29000000E+02 -0.36797003E-25 -0.26171810E-40
  0.29100000E+02 -0.36550768E-25 -0.26490828E-40
  0.29200000E+02 -0.36306977E-25 -0.26795387E-40
  0.29300000E+02 -0.36065597E-25 -0.25106896E-40
  0.29400000E+02 -0.35826597E-25 -0.25645680E-40
  0.29500000E+02 -0.35589946E-25 -0.26031644E-40
  0.29600000E+02 -0.35355614E-25 -0.25914013E-40
  0.29700000E+02 -0.35123571E-25 -0.24798367E-40
  0.29800000E+02 -0.34893787E-25 -0.26258625E-40
  0.29900000E+02 -0.34666234E-25 -0.24657115E-40
  0.30000000E+02 -0.34440882E-25 -0.24202755E-40
  0.30100000E+02 -0.34217704E-25 -0.23992017E-40
  0.30200000E+02 -0.33996671E-25 -0.23994161E-40
  0.30300000E+02 -0.33777758E-25 -0.23959119E-40
  0.30400000E+02 -0.33560936E-25 -0.25637303E-40
  0.30500000E+02 -0.33346181E-25 -0.24231216E-40
  0.30600000E+02 -0.33133464E-25 -0.23792622E-40
  0.30700000E+02 -0.32922762E-25 -0.22873931E-40
  0.30800000E+02 -0.32714049E-25 -0.24683804E-40
  0.30900000E+02 -0.32507299E-25 -0.22556985E-40
  0.31000000E+02 -0.32302490E-25 -0.22139379E-40
  0.31100000E+02 -0.32099596E-25 -0.23129457E-40
  0.31200000E+02 -0.31898594E-25 -0.23940832E-40
  0.31300000E+02 -0.31699461E-25 -0.22844993E-40
  0.31400000E+02 -0.31502174E-25 -0.22471108E-40
  0.31500000E+02 -0.31306711E-25 -0.22643034E-40
  0.31600000E+02 -0.31113048E-25 -0.22218874E-40
  0.31700000E+02 -0.30921164E-25 -0.21083347E-40
  0.31800000E+02 -0.30731038E-25 -0.22272824E-40
  0.31900000E+02 -0.30542648E-25 -0.22568401E-40
  0.32000000E+02 -0.30355974E-25 -0.21643529E-40
  0.32100000E+02 -0.30170994E-25 -0.22088293E-40
  0.32200000E+02 -0.29987688E-25 -0.21520143E-40
  0.32300000E+02 -0.29806037E-25 -0.21871975E-40
  0.32400000E+02 -0.29626021E-25 -0.21304470E-40
  0.32500000E+02 -0.29447620E-25 -0.21680680E-40
  0.32600000E+02 -0.29270815E-25 -0.22263270E-40
  0.32700000E+02 -0.29095587E-25 -0.20531294E-40
  0.32800000E+02 -0.28921918E-25 -0.20441296E-40
  0.32900000E+02 -0.28749789E-25 -0.20679014E-40
  0.33000000E+02 -0.28579183E-25 -0.20167188E-40
  0.33100000E+02 -0.28410081E-25 -0.20463797E-40
  0.33200000E+02 -0.28242466E-25 -0.19435720E-40
  0.33300000E+02 -0.28076321E-25 -0.20793221E-40
  0.33400000E+02 -0.27911628E-25 -0.20500835E-40
  0.33500000E+02 -0.27748372E-25 -0.19313718E-40
  0.33600000E+02 -0.27586535E-25 -0.19312977E-40
  0.33700000E+02 -0.27426100E-25 -0.19517602E-40
  0.33800000E+02 -0.27267053E-25 -0.19042619E-40
  0.33900000E+02 -0.27109377E-25 -0.19636466E-40
  0.34000000E+02 -0.26953057E-25 -0.18843677E-40
  0.34100000E+02 -0.26798076E-25 -0.18786392E-40
  0.34200000E+02 -0.26644421E-25 -0.18977464E-40
  0.34300000E+02 -0.26492075E-25 -0.19112635E-40
  0.34400000E+02 -0.26341025E-25 -0.18561195E-40
  0.34500000E+02 -0.26191255E-25 -0.19202783E-40
  0.34600000E+02 -0.26042752E-25 -0.18197493E-40
  0.34700000E+02 -0.25895500E-25 -0.17206664E-40
  0.34800000E+02 -0.25749487E-25 -0.18241790E-40
  0.34900000E+02 -0.25604699E-25 -0.17623587E-40
  0.35000000E+02 -0.25461121E-25 -0.17685185E-40
  0.35100000E+02 -0.25318741E-25 -0.17603076E-40
  0.35200000E+02 -0.25177544E-25 -0.17495145E-40
  0.35300000E+02 -0.25037520E-25 -0.17807210E-40
  0.35400000E+02 -0.24898653E-25 -0.17165016E-40
  0.35500000E+02 -0.24760932E-25 -0.17909755E-40
  0.35600000E+02 -0.24624345E-25 -0.17236030E-40
  0.35700000E+02 -0.24488878E-25 -0.16991913E-40
  0.35800000E+02 -0.24354520E-25 -0.17243146E-40
  0.35900000E+02 -0.24221259E-25 -0.17698453E-40
  0.36000000E+02 -0.24089083E-25 -0.16885542E-40
  0.36100000E+02 -0.23957979E-25 -0.17294784E-40
  0.36200000E+02 -0.23827938E-25 -0.16185700E-40
  0.36300000E+02 -0.23698947E-25 -0.16275521E-40
  0.36400000E+02 -0.23570995E-25 -0.17226919E-40
  0.36500000E+02 -0.23444071E-25 -0.16654077E-40
  0.36600000E+02 -0.23318164E-25 -0.16579404E-40
  0.36700000E+02 -0.23193263E-25 -0.15864085E-40
  0.36800000E+02 -0.23069358E-25 -0.16815832E-40
  0.36900000E+02 -0.22946438E-25 -0.16441997E-40
  0.37000000E+02 -0.22824493E-25 -0.16122861E-40
  0.37100000E+02 -0.22703512E-25 -0.15754431E-40
  0.37200000E+02 -0.22583486E-25 -0.16709802E-40
  0.37300000E+02 -0.22464405E-25 -0.15992066E-40
  0.37400000E+02 -0.22346258E-25 -0.15376856E-40
  0.37500000E+02 -0.22229036E-25 -0.15711128E-40
  0.37600000E+02 -0.22112729E-25 -0.15283557E-40
  0.37700000E+02 -0.21997329E-25 -0.15050686E-40
  0.37800000E+02 -0.21882825E-25 -0.15240948E-40
  0.37900000E+02 -0.21769208E-25 -0.15159334E-40
  0.38000000E+02 -0.21656469E-25 -0.15121116E-40
  0.38100000E+02 -0.21544600E-25 -0.15178820E-40
  0.38200000E+02 -0.21433592E-25 -0.15585262E-40
  0.38300000E+02 -0.21323435E-25 -0.15208067E-40
  0.38400000E+02 -0.21214121E-25 -0.15243252E-40
  0.38500000E+02 -0.21105641E-25 -0.15245019E-40
  0.38600000E+02 -0.20997987E-25 -0.14970025E-40
  0.38700000E+02 -0.20891152E-25 -0.14907607E-40
  0.38800000E+02 -0.20785125E-25 -0.14353843E-40
  0.38900000E+02 -0.20679900E-25 -0.14281549E-40
  0.39000000E+02 -0.20575469E-25 -0.14650270E-40
  0.39100000E+02 -0.20471822E-25 -0.13663622E-40
  0.39200000E+02 -0.20368954E-25 -0.14030649E-40
  0.39300000E+02 -0.20266855E-25 -0.13934389E-40
  0.39400000E+02 -0.20165519E-25 -0.14290900E-40
  0.39500000E+02 -0.20064937E-25 -0.14113505E-40
  0.39600000E+02 -0.19965102E-25 -0.13818661E-40
  0.39700000E+02 -0.19866008E-25 -0.14752818E-40
  0.39800000E+02 -0.19767646E-25 -0.13267954E-40
  0.39900000E+02 -0.19670010E-25 -0.14052266E-40
  0.40000000E+02 -0.19573092E-25 -0.13803916E-40
