  0.00000000E+00  0.34229980E-19 -0.12955341E-38
  0.10000000E+00  0.27402983E-19  0.11539405E-38
  0.20000000E+00  0.20163971E-19  0.33583042E-39
  0.30000000E+00  0.15677890E-19  0.10408941E-39
  0.40000000E+00  0.12811936E-19  0.59896305E-40
  0.50000000E+00  0.10846373E-19  0.15449437E-39
  0.60000000E+00  0.94160693E-20  0.15493276E-39
  0.70000000E+00  0.83271717E-20 -0.52821079E-40
  0.80000000E+00  0.74689143E-20 -0.29298085E-39
  0.90000000E+00  0.67736975E-20  0.29322446E-39
  0.10000000E+01  0.61979783E-20 -0.80597264E-40
  0.11000000E+01  0.57124579E-20 -0.10173311E-39
  0.12000000E+01  0.52967071E-20 -0.29406094E-40
  0.13000000E+01  0.49360541E-20 -0.19196737E-40
  0.14000000E+01  0.46196964E-20 -0.29050843E-39
  0.15000000E+01  0.43395091E-20  0.16405406E-40
  0.16000000E+01  0.40892670E-20 -0.24881320E-40
  0.17000000E+01  0.38641219E-20 -0.65282116E-40
  0.18000000E+01  0.36602434E-20 -0.10079409E-39
  0.19000000E+01  0.34745652E-20  0.46658432E-40
  0.20000000E+01  0.33046039E-20 -0.13815379E-40
  0.21000000E+01  0.31483264E-20  0.29842499E-40
  0.22000000E+01  0.30040517E-20  0.28552013E-40
  0.23000000E+01  0.28703776E-20  0.42584726E-40
  0.24000000E+01  0.27461241E-20  0.40387694E-40
  0.25000000E+01  0.26302906E-20  0.11493809E-39
  0.26000000E+01  0.25220225E-20 -0.72521944E-40
  0.27000000E+01  0.24205847E-20 -0.32527781E-40
  0.28000000E+01  0.23253407E-20  0.10621157E-41
  0.29000000E+01  0.22357365E-20  0.74842975E-40
  0.30000000E+01  0.21512865E-20 -0.26506426E-40
  0.31000000E+01  0.20715635E-20 -0.46003993E-40
  0.32000000E+01  0.19961890E-20 -0.80612068E-41
  0.33000000E+01  0.19248267E-20 -0.51656398E-40
  0.34000000E+01  0.18571762E-20 -0.18035728E-40
  0.35000000E+01  0.17929681E-20  0.66972100E-40
  0.36000000E+01  0.17319596E-20 -0.31131888E-40
  0.37000000E+01  0.16739317E-20  0.29738009E-43
  0.38000000E+01  0.16186853E-20  0.13087164E-40
  0.39000000E+01  0.15660395E-20 -0.12529674E-40
  0.40000000E+01  0.15158294E-20 -0.38082453E-40
  0.41000000E+01  0.14679038E-20 -0.21766248E-40
  0.42000000E+01  0.14221241E-20 -0.57317111E-40
  0.43000000E+01  0.13783629E-20 -0.52375190E-40
  0.44000000E+01  0.13365025E-20 -0.55678235E-40
  0.45000000E+01  0.12964343E-20  0.88367421E-41
  0.46000000E+01  0.12580579E-20  0.56759031E-40
  0.47000000E+01  0.12212799E-20 -0.32762076E-40
  0.48000000E+01  0.11860137E-20 -0.14750236E-40
  0.49000000E+01  0.11521787E-20 -0.12008564E-40
  0.50000000E+01  0.11196998E-20  0.21373947E-40
  0.51000000E+01  0.10885066E-20 -0.49778879E-40
  0.52000000E+01  0.10585337E-20  0.34492314E-40
  0.53000000E+01  0.10297197E-20 -0.19058285E-40
  0.54000000E+01  0.10020071E-20  0.28533451E-40
  0.55000000E+01  0.97534184E-21 -0.33405750E-40
  0.56000000E+01  0.94967330E-21  0.44176787E-42
  0.57000000E+01  0.92495385E-21 -0.26633798E-40
  0.58000000E+01  0.90113866E-21  0.14900706E-42
  0.59000000E+01  0.87818551E-21 -0.23741326E-41
  0.60000000E+01  0.85605462E-21 -0.12659069E-40
  0.61000000E+01  0.83470844E-21 -0.18024663E-40
  0.62000000E+01  0.81411153E-21 -0.55621626E-41
  0.63000000E+01  0.79423041E-21 -0.29312837E-40
  0.64000000E+01  0.77503341E-21 -0.86383747E-41
  0.65000000E+01  0.75649059E-21 -0.36505333E-40
  0.66000000E+01  0.73857358E-21 -0.13017033E-40
  0.67000000E+01  0.72125551E-21 -0.76178614E-42
  0.68000000E+01  0.70451093E-21 -0.12120649E-40
  0.69000000E+01  0.68831568E-21 -0.70914007E-41
  0.70000000E+01  0.67264683E-21 -0.19124834E-40
  0.71000000E+01  0.65748263E-21  0.26017442E-41
  0.72000000E+01  0.64280239E-21 -0.11556070E-40
  0.73000000E+01  0.62858647E-21 -0.14913577E-40
  0.74000000E+01  0.61481618E-21  0.17578236E-40
  0.75000000E+01  0.60147373E-21  0.23977181E-41
  0.76000000E+01  0.58854222E-21  0.17005120E-40
  0.77000000E+01  0.57600551E-21  0.26562428E-41
  0.78000000E+01  0.56384826E-21 -0.51610813E-41
  0.79000000E+01  0.55205583E-21 -0.13673405E-40
  0.80000000E+01  0.54061428E-21 -0.14063194E-40
  0.81000000E+01  0.52951028E-21 -0.16457912E-40
  0.82000000E+01  0.51873116E-21 -0.97981417E-41
  0.83000000E+01  0.50826476E-21  0.15459964E-40
  0.84000000E+01  0.49809953E-21  0.78399198E-43
  0.85000000E+01  0.48822440E-21 -0.14079079E-40
  0.86000000E+01  0.47862879E-21  0.18990362E-41
  0.87000000E+01  0.46930260E-21 -0.35170638E-41
  0.88000000E+01  0.46023617E-21  0.92940042E-41
  0.89000000E+01  0.45142023E-21 -0.11110185E-40
  0.90000000E+01  0.44284594E-21 -0.63045463E-41
  0.91000000E+01  0.43450484E-21  0.79523096E-43
  0.92000000E+01  0.42638879E-21 -0.98761433E-41
  0.93000000E+01  0.41849003E-21  0.10350511E-40
  0.94000000E+01  0.41080111E-21 -0.59186127E-41
  0.95000000E+01  0.40331488E-21  0.96056180E-42
  0.96000000E+01  0.39602449E-21 -0.26115088E-41
  0.97000000E+01  0.38892338E-21  0.15179883E-41
  0.98000000E+01  0.38200524E-21 -0.77436003E-41
  0.99000000E+01  0.37526403E-21 -0.86526746E-41
  0.10000000E+02  0.36869392E-21 -0.18560979E-40
  0.10100000E+02  0.36228936E-21  0.32889232E-41
  0.10200000E+02  0.35604497E-21 -0.17370927E-41
  0.10300000E+02  0.34995562E-21  0.56177224E-41
  0.10400000E+02  0.34401635E-21  0.19245839E-40
  0.10500000E+02  0.33822240E-21  0.19350415E-40
  0.10600000E+02  0.33256921E-21 -0.73445084E-41
  0.10700000E+02  0.32705237E-21 -0.97949043E-41
  0.10800000E+02  0.32166765E-21  0.10474218E-40
  0.10900000E+02  0.31641096E-21 -0.54077405E-41
  0.11000000E+02  0.31127841E-21 -0.72574357E-41
  0.11100000E+02  0.30626619E-21 -0.90838733E-41
  0.11200000E+02  0.30137068E-21 -0.38304554E-41
  0.11300000E+02  0.29658838E-21  0.28600811E-41
  0.11400000E+02  0.29191590E-21 -0.29954257E-41
  0.11500000E+02  0.28735000E-21 -0.76194625E-42
  0.11600000E+02  0.28288752E-21 -0.64884077E-41
  0.11700000E+02  0.27852546E-21 -0.49811251E-41
  0.11800000E+02  0.27426089E-21  0.11654291E-40
  0.11900000E+02  0.27009099E-21  0.31895119E-41
  0.12000000E+02  0.26601306E-21 -0.20891925E-41
  0.12100000E+02  0.26202446E-21 -0.81777923E-41
  0.12200000E+02  0.25812267E-21 -0.10403444E-40
  0.12300000E+02  0.25430524E-21  0.95029603E-42
  0.12400000E+02  0.25056982E-21 -0.44961081E-41
  0.12500000E+02  0.24691412E-21  0.27418874E-41
  0.12600000E+02  0.24333594E-21 -0.15836710E-41
  0.12700000E+02  0.23983315E-21 -0.24921654E-41
  0.12800000E+02  0.23640369E-21  0.61713948E-41
  0.12900000E+02  0.23304559E-21  0.48937494E-42
  0.13000000E+02  0.22975690E-21  0.23282892E-41
  0.13100000E+02  0.22653577E-21  0.25043717E-41
  0.13200000E+02  0.22338040E-21  0.37303207E-41
  0.13300000E+02  0.22028906E-21 -0.36240801E-41
  0.13400000E+02  0.21726005E-21 -0.39134787E-41
  0.13500000E+02  0.21429174E-21  0.17580352E-41
  0.13600000E+02  0.21138256E-21  0.61752286E-41
  0.13700000E+02  0.20853097E-21 -0.51085290E-41
  0.13800000E+02  0.20573549E-21 -0.74940125E-42
  0.13900000E+02  0.20299470E-21  0.60555769E-42
  0.14000000E+02  0.20030720E-21  0.78131650E-42
  0.14100000E+02  0.19767164E-21  0.38848438E-41
  0.14200000E+02  0.19508672E-21  0.10976126E-41
  0.14300000E+02  0.19255117E-21 -0.90628309E-42
  0.14400000E+02  0.19006377E-21  0.11848156E-41
  0.14500000E+02  0.18762333E-21 -0.29355230E-41
  0.14600000E+02  0.18522869E-21  0.43158267E-41
  0.14700000E+02  0.18287874E-21 -0.87200471E-41
  0.14800000E+02  0.18057239E-21  0.49189304E-41
  0.14900000E+02  0.17830859E-21  0.18810499E-41
  0.15000000E+02  0.17608631E-21 -0.12658394E-41
  0.15100000E+02  0.17390456E-21 -0.17044587E-41
  0.15200000E+02  0.17176239E-21 -0.53609115E-41
  0.15300000E+02  0.16965885E-21  0.15425443E-41
  0.15400000E+02  0.16759304E-21 -0.57718711E-43
  0.15500000E+02  0.16556407E-21 -0.46124527E-42
  0.15600000E+02  0.16357109E-21  0.27623362E-42
  0.15700000E+02  0.16161326E-21 -0.36116559E-42
  0.15800000E+02  0.15968979E-21  0.17789760E-41
  0.15900000E+02  0.15779987E-21 -0.10749203E-41
  0.16000000E+02  0.15594275E-21  0.26522919E-41
  0.16100000E+02  0.15411769E-21 -0.34333085E-41
  0.16200000E+02  0.15232395E-21  0.18633597E-41
  0.16300000E+02  0.15056085E-21 -0.42043324E-41
  0.16400000E+02  0.14882769E-21  0.46698054E-41
  0.16500000E+02  0.14712382E-21 -0.11533078E-41
  0.16600000E+02  0.14544858E-21 -0.18089620E-42
  0.16700000E+02  0.14380136E-21  0.64640240E-41
  0.16800000E+02  0.14218152E-21 -0.18616196E-41
  0.16900000E+02  0.14058849E-21  0.47422795E-42
  0.17000000E+02  0.13902168E-21  0.58982640E-41
  0.17100000E+02  0.13748053E-21  0.24156396E-41
  0.17200000E+02  0.13596448E-21 -0.18567987E-42
  0.17300000E+02  0.13447301E-21 -0.22168521E-41
  0.17400000E+02  0.13300559E-21  0.13049051E-41
  0.17500000E+02  0.13156171E-21  0.37477469E-41
  0.17600000E+02  0.13014089E-21  0.16969266E-41
  0.17700000E+02  0.12874263E-21  0.31480520E-42
  0.17800000E+02  0.12736647E-21  0.63773610E-42
  0.17900000E+02  0.12601196E-21 -0.14670374E-42
  0.18000000E+02  0.12467864E-21 -0.21075792E-41
  0.18100000E+02  0.12336609E-21  0.31110611E-41
  0.18200000E+02  0.12207387E-21  0.59931497E-42
  0.18300000E+02  0.12080159E-21 -0.60127341E-43
  0.18400000E+02  0.11954882E-21  0.34484126E-41
  0.18500000E+02  0.11831519E-21  0.16478703E-41
  0.18600000E+02  0.11710031E-21  0.18353734E-41
  0.18700000E+02  0.11590380E-21  0.40340844E-41
  0.18800000E+02  0.11472531E-21  0.49581207E-42
  0.18900000E+02  0.11356447E-21 -0.34099215E-41
  0.19000000E+02  0.11242094E-21  0.13425227E-41
  0.19100000E+02  0.11129439E-21  0.25868912E-41
  0.19200000E+02  0.11018447E-21  0.10326497E-41
  0.19300000E+02  0.10909087E-21 -0.24486264E-41
  0.19400000E+02  0.10801328E-21  0.31984398E-42
  0.19500000E+02  0.10695138E-21  0.22637848E-41
  0.19600000E+02  0.10590488E-21 -0.11788878E-41
  0.19700000E+02  0.10487349E-21 -0.30899396E-41
  0.19800000E+02  0.10385691E-21 -0.23011274E-41
  0.19900000E+02  0.10285487E-21 -0.16953112E-41
  0.20000000E+02  0.10186710E-21 -0.33555706E-41
  0.20100000E+02  0.10089332E-21 -0.17510175E-41
  0.20200000E+02  0.99933289E-22  0.10342979E-41
  0.20300000E+02  0.98986738E-22 -0.76753602E-42
  0.20400000E+02  0.98053424E-22 -0.52976375E-42
  0.20500000E+02  0.97133102E-22 -0.75824399E-42
  0.20600000E+02  0.96225535E-22 -0.37441306E-41
  0.20700000E+02  0.95330492E-22 -0.14146150E-41
  0.20800000E+02  0.94447745E-22  0.38145381E-41
  0.20900000E+02  0.93577071E-22 -0.14117356E-41
  0.21000000E+02  0.92718256E-22 -0.85904743E-42
  0.21100000E+02  0.91871085E-22  0.64943317E-42
  0.21200000E+02  0.91035351E-22  0.19968313E-41
  0.21300000E+02  0.90210853E-22 -0.30227720E-41
  0.21400000E+02  0.89397391E-22 -0.13811182E-41
  0.21500000E+02  0.88594770E-22  0.10537410E-41
  0.21600000E+02  0.87802802E-22  0.25607460E-43
  0.21700000E+02  0.87021300E-22  0.41773007E-41
  0.21800000E+02  0.86250083E-22  0.15950650E-41
  0.21900000E+02  0.85488971E-22 -0.58291790E-42
  0.22000000E+02  0.84737793E-22  0.14494823E-41
  0.22100000E+02  0.83996376E-22 -0.90488559E-42
  0.22200000E+02  0.83264554E-22 -0.82993086E-42
  0.22300000E+02  0.82542163E-22  0.95485577E-42
  0.22400000E+02  0.81829044E-22 -0.14557479E-41
  0.22500000E+02  0.81125041E-22  0.46673189E-42
  0.22600000E+02  0.80429999E-22  0.40835480E-42
  0.22700000E+02  0.79743770E-22 -0.61582860E-42
  0.22800000E+02  0.79066204E-22  0.11338391E-41
  0.22900000E+02  0.78397160E-22 -0.53461343E-42
  0.23000000E+02  0.77736496E-22  0.42771340E-41
  0.23100000E+02  0.77084073E-22  0.19921714E-41
  0.23200000E+02  0.76439756E-22  0.14565071E-41
  0.23300000E+02  0.75803413E-22 -0.32284161E-42
  0.23400000E+02  0.75174914E-22 -0.93944879E-42
  0.23500000E+02  0.74554132E-22 -0.34409226E-41
  0.23600000E+02  0.73940941E-22 -0.42400603E-41
  0.23700000E+02  0.73335219E-22 -0.30882578E-42
  0.23800000E+02  0.72736847E-22  0.31443569E-41
  0.23900000E+02  0.72145708E-22 -0.32243656E-43
  0.24000000E+02  0.71561685E-22  0.16230830E-43
  0.24100000E+02  0.70984666E-22  0.37977811E-42
  0.24200000E+02  0.70414541E-22 -0.30671571E-42
  0.24300000E+02  0.69851201E-22 -0.18842749E-41
  0.24400000E+02  0.69294540E-22 -0.11372126E-41
  0.24500000E+02  0.68744453E-22 -0.10736750E-41
  0.24600000E+02  0.68200838E-22  0.10045282E-41
  0.24700000E+02  0.67663594E-22 -0.21249109E-41
  0.24800000E+02  0.67132624E-22  0.40906502E-42
  0.24900000E+02  0.66607830E-22  0.93599543E-43
  0.25000000E+02  0.66089119E-22 -0.32606819E-41
  0.25100000E+02  0.65576396E-22 -0.20923912E-42
  0.25200000E+02  0.65069571E-22  0.82146449E-42
  0.25300000E+02  0.64568555E-22 -0.54035662E-42
  0.25400000E+02  0.64073259E-22  0.22528949E-41
  0.25500000E+02  0.63583598E-22 -0.14210292E-41
  0.25600000E+02  0.63099487E-22  0.11893574E-41
  0.25700000E+02  0.62620843E-22  0.31411835E-42
  0.25800000E+02  0.62147585E-22  0.37309295E-42
  0.25900000E+02  0.61679632E-22 -0.20731173E-41
  0.26000000E+02  0.61216906E-22 -0.10966301E-41
  0.26100000E+02  0.60759331E-22  0.42512281E-42
  0.26200000E+02  0.60306831E-22  0.20786775E-41
  0.26300000E+02  0.59859330E-22 -0.19861794E-41
  0.26400000E+02  0.59416758E-22 -0.60338858E-42
  0.26500000E+02  0.58979041E-22 -0.60023908E-42
  0.26600000E+02  0.58546110E-22  0.12333791E-41
  0.26700000E+02  0.58117895E-22  0.26144889E-42
  0.26800000E+02  0.57694329E-22 -0.37743579E-41
  0.26900000E+02  0.57275345E-22  0.62800179E-42
  0.27000000E+02  0.56860878E-22  0.14571063E-41
  0.27100000E+02  0.56450863E-22 -0.19836081E-41
  0.27200000E+02  0.56045238E-22 -0.10909946E-41
  0.27300000E+02  0.55643940E-22 -0.12048043E-42
  0.27400000E+02  0.55246909E-22  0.13558868E-41
  0.27500000E+02  0.54854083E-22  0.75470203E-42
  0.27600000E+02  0.54465406E-22 -0.12054597E-41
  0.27700000E+02  0.54080818E-22 -0.20530984E-41
  0.27800000E+02  0.53700264E-22 -0.57786709E-42
  0.27900000E+02  0.53323686E-22 -0.16167677E-41
  0.28000000E+02  0.52951031E-22 -0.21324209E-42
  0.28100000E+02  0.52582244E-22  0.74607580E-42
  0.28200000E+02  0.52217273E-22  0.64706477E-42
  0.28300000E+02  0.51856064E-22  0.14537994E-41
  0.28400000E+02  0.51498568E-22  0.22795520E-41
  0.28500000E+02  0.51144733E-22  0.12808839E-41
  0.28600000E+02  0.50794510E-22  0.11129881E-41
  0.28700000E+02  0.50447851E-22 -0.99836290E-42
  0.28800000E+02  0.50104707E-22  0.16375363E-41
  0.28900000E+02  0.49765031E-22  0.10844672E-41
  0.29000000E+02  0.49428777E-22  0.22159490E-41
  0.29100000E+02  0.49095900E-22 -0.10397363E-41
  0.29200000E+02  0.48766354E-22  0.10018152E-41
  0.29300000E+02  0.48440096E-22  0.60211987E-43
  0.29400000E+02  0.48117082E-22 -0.16114925E-41
  0.29500000E+02  0.47797270E-22  0.20286125E-41
  0.29600000E+02  0.47480618E-22 -0.56894258E-42
  0.29700000E+02  0.47167084E-22  0.12163808E-41
  0.29800000E+02  0.46856628E-22  0.57266768E-42
  0.29900000E+02  0.46549209E-22  0.11860105E-41
  0.30000000E+02  0.46244790E-22  0.16481854E-42
  0.30100000E+02  0.45943330E-22  0.28002680E-42
  0.30200000E+02  0.45644792E-22  0.13943942E-41
  0.30300000E+02  0.45349139E-22  0.16894138E-41
  0.30400000E+02  0.45056334E-22 -0.20744165E-41
  0.30500000E+02  0.44766340E-22  0.16134672E-44
  0.30600000E+02  0.44479121E-22  0.30679594E-43
  0.30700000E+02  0.44194643E-22 -0.24748172E-42
  0.30800000E+02  0.43912872E-22  0.31266529E-42
  0.30900000E+02  0.43633772E-22 -0.21756449E-42
  0.31000000E+02  0.43357310E-22 -0.14897009E-41
  0.31100000E+02  0.43083454E-22  0.12399952E-42
  0.31200000E+02  0.42812171E-22  0.30842721E-42
  0.31300000E+02  0.42543429E-22  0.70761635E-42
  0.31400000E+02  0.42277197E-22 -0.61681787E-42
  0.31500000E+02  0.42013443E-22 -0.10638691E-41
  0.31600000E+02  0.41752138E-22 -0.12928812E-41
  0.31700000E+02  0.41493250E-22 -0.20051343E-42
  0.31800000E+02  0.41236751E-22  0.54514923E-42
  0.31900000E+02  0.40982611E-22 -0.45684663E-42
  0.32000000E+02  0.40730801E-22 -0.91577915E-42
  0.32100000E+02  0.40481294E-22  0.59090837E-42
  0.32200000E+02  0.40234061E-22  0.18759632E-42
  0.32300000E+02  0.39989075E-22  0.73814608E-43
  0.32400000E+02  0.39746310E-22  0.10540139E-41
  0.32500000E+02  0.39505737E-22  0.14277655E-41
  0.32600000E+02  0.39267332E-22  0.14371692E-41
  0.32700000E+02  0.39031068E-22 -0.82422645E-42
  0.32800000E+02  0.38796920E-22  0.95941652E-42
  0.32900000E+02  0.38564863E-22 -0.29343215E-42
  0.33000000E+02  0.38334872E-22  0.87826083E-43
  0.33100000E+02  0.38106922E-22 -0.10859272E-41
  0.33200000E+02  0.37880991E-22  0.44070348E-42
  0.33300000E+02  0.37657053E-22  0.58541129E-43
  0.33400000E+02  0.37435087E-22 -0.85293324E-42
  0.33500000E+02  0.37215068E-22  0.24552467E-44
  0.33600000E+02  0.36996974E-22 -0.74624507E-43
  0.33700000E+02  0.36780784E-22 -0.25341828E-42
  0.33800000E+02  0.36566474E-22  0.64297291E-42
  0.33900000E+02  0.36354024E-22  0.16922440E-41
  0.34000000E+02  0.36143412E-22 -0.17812452E-41
  0.34100000E+02  0.35934616E-22  0.28379843E-42
  0.34200000E+02  0.35727617E-22 -0.10793437E-41
  0.34300000E+02  0.35522394E-22  0.40299021E-42
  0.34400000E+02  0.35318926E-22  0.10078807E-41
  0.34500000E+02  0.35117193E-22 -0.15488825E-42
  0.34600000E+02  0.34917177E-22  0.12410619E-41
  0.34700000E+02  0.34718858E-22  0.53159495E-42
  0.34800000E+02  0.34522216E-22 -0.83345540E-42
  0.34900000E+02  0.34327233E-22  0.12767249E-42
  0.35000000E+02  0.34133890E-22 -0.16071982E-42
  0.35100000E+02  0.33942170E-22 -0.25862209E-42
  0.35200000E+02  0.33752053E-22 -0.92147660E-42
  0.35300000E+02  0.33563523E-22  0.64885500E-42
  0.35400000E+02  0.33376562E-22 -0.41822278E-42
  0.35500000E+02  0.33191152E-22 -0.34592726E-42
  0.35600000E+02  0.33007277E-22  0.87673543E-42
  0.35700000E+02  0.32824919E-22 -0.96288176E-42
  0.35800000E+02  0.32644062E-22  0.70884243E-42
  0.35900000E+02  0.32464690E-22 -0.59207755E-42
  0.36000000E+02  0.32286786E-22 -0.71771373E-42
  0.36100000E+02  0.32110335E-22  0.12568968E-42
  0.36200000E+02  0.31935321E-22  0.37227042E-42
  0.36300000E+02  0.31761728E-22 -0.87146692E-42
  0.36400000E+02  0.31589541E-22  0.13665632E-41
  0.36500000E+02  0.31418745E-22  0.62741115E-42
  0.36600000E+02  0.31249326E-22  0.10581569E-41
  0.36700000E+02  0.31081268E-22 -0.19163356E-42
  0.36800000E+02  0.30914556E-22 -0.54864854E-42
  0.36900000E+02  0.30749178E-22 -0.30127008E-42
  0.37000000E+02  0.30585117E-22 -0.12783958E-41
  0.37100000E+02  0.30422362E-22  0.83942573E-42
  0.37200000E+02  0.30260897E-22 -0.65433612E-42
  0.37300000E+02  0.30100710E-22  0.63927933E-42
  0.37400000E+02  0.29941786E-22 -0.43738469E-42
  0.37500000E+02  0.29784114E-22 -0.15079191E-41
  0.37600000E+02  0.29627678E-22  0.32828281E-42
  0.37700000E+02  0.29472468E-22  0.63268513E-42
  0.37800000E+02  0.29318470E-22 -0.63409338E-42
  0.37900000E+02  0.29165671E-22 -0.39368487E-42
  0.38000000E+02  0.29014059E-22  0.12192054E-41
  0.38100000E+02  0.28863622E-22  0.22852061E-42
  0.38200000E+02  0.28714348E-22  0.29705617E-42
  0.38300000E+02  0.28566225E-22 -0.30192435E-42
  0.38400000E+02  0.28419241E-22 -0.49803295E-42
  0.38500000E+02  0.28273385E-22  0.90855313E-42
  0.38600000E+02  0.28128645E-22 -0.11235894E-41
  0.38700000E+02  0.27985009E-22 -0.74175796E-42
  0.38800000E+02  0.27842468E-22  0.59971768E-43
  0.38900000E+02  0.27701008E-22 -0.36217036E-42
  0.39000000E+02  0.27560621E-22 -0.19260223E-42
  0.39100000E+02  0.27421294E-22 -0.85300739E-42
  0.39200000E+02  0.27283018E-22 -0.30380704E-42
  0.39300000E+02  0.27145781E-22  0.31304795E-42
  0.39400000E+02  0.27009574E-22 -0.60410907E-42
  0.39500000E+02  0.26874386E-22 -0.23492226E-42
  0.39600000E+02  0.26740207E-22  0.30747522E-42
  0.39700000E+02  0.26607027E-22  0.10466289E-43
  0.39800000E+02  0.26474837E-22  0.80159764E-42
  0.39900000E+02  0.26343626E-22 -0.21648727E-42
  0.40000000E+02  0.26213384E-22 -0.61111651E-42
