  0.00000000E+00  0.22795187E-23  0.44871222E-39
  0.10000000E+00  0.22790999E-23  0.45192179E-39
  0.20000000E+00  0.22778449E-23  0.43870745E-39
  0.30000000E+00  0.22757577E-23  0.43741190E-39
  0.40000000E+00  0.22728450E-23  0.43714179E-39
  0.50000000E+00  0.22691157E-23  0.45751486E-39
  0.60000000E+00  0.22645816E-23  0.44035976E-39
  0.70000000E+00  0.22592566E-23  0.44037369E-39
  0.80000000E+00  0.22531569E-23  0.40751857E-39
  0.90000000E+00  0.22463008E-23  0.41673140E-39
  0.10000000E+01  0.22387085E-23  0.41100438E-39
  0.11000000E+01  0.22304020E-23  0.40935922E-39
  0.12000000E+01  0.22214046E-23  0.43493212E-39
  0.13000000E+01  0.22117414E-23  0.42027164E-39
  0.14000000E+01  0.22014384E-23  0.41703710E-39
  0.15000000E+01  0.21905225E-23  0.41772852E-39
  0.16000000E+01  0.21790218E-23  0.40850000E-39
  0.17000000E+01  0.21669646E-23  0.41688949E-39
  0.18000000E+01  0.21543799E-23  0.37461865E-39
  0.19000000E+01  0.21412968E-23  0.36170682E-39
  0.20000000E+01  0.21277446E-23  0.39167770E-39
  0.21000000E+01  0.21137526E-23  0.37591718E-39
  0.22000000E+01  0.20993497E-23  0.37042332E-39
  0.23000000E+01  0.20845647E-23  0.37767500E-39
  0.24000000E+01  0.20694258E-23  0.31849003E-39
  0.25000000E+01  0.20539608E-23  0.33997528E-39
  0.26000000E+01  0.20381968E-23  0.32066236E-39
  0.27000000E+01  0.20221603E-23  0.35806654E-39
  0.28000000E+01  0.20058768E-23  0.33376014E-39
  0.29000000E+01  0.19893712E-23  0.32213949E-39
  0.30000000E+01  0.19726675E-23  0.32363814E-39
  0.31000000E+01  0.19557886E-23  0.32762846E-39
  0.32000000E+01  0.19387568E-23  0.29538573E-39
  0.33000000E+01  0.19215933E-23  0.28522293E-39
  0.34000000E+01  0.19043181E-23  0.30035281E-39
  0.35000000E+01  0.18869508E-23  0.29102581E-39
  0.36000000E+01  0.18695095E-23  0.26118921E-39
  0.37000000E+01  0.18520117E-23  0.24422307E-39
  0.38000000E+01  0.18344739E-23  0.25361363E-39
  0.39000000E+01  0.18169115E-23  0.24740628E-39
  0.40000000E+01  0.17993394E-23  0.25898001E-39
  0.41000000E+01  0.17817713E-23  0.23630236E-39
  0.42000000E+01  0.17642202E-23  0.22375067E-39
  0.43000000E+01  0.17466982E-23  0.22050886E-39
  0.44000000E+01  0.17292168E-23  0.21651658E-39
  0.45000000E+01  0.17117867E-23  0.23567300E-39
  0.46000000E+01  0.16944176E-23  0.21439418E-39
  0.47000000E+01  0.16771189E-23  0.19835336E-39
  0.48000000E+01  0.16598991E-23  0.19481223E-39
  0.49000000E+01  0.16427662E-23  0.19489284E-39
  0.50000000E+01  0.16257275E-23  0.20381122E-39
  0.51000000E+01  0.16087898E-23  0.17972583E-39
  0.52000000E+01  0.15919593E-23  0.16863158E-39
  0.53000000E+01  0.15752418E-23  0.16387965E-39
  0.54000000E+01  0.15586426E-23  0.16767882E-39
  0.55000000E+01  0.15421663E-23  0.17995511E-39
  0.56000000E+01  0.15258174E-23  0.16932853E-39
  0.57000000E+01  0.15095997E-23  0.14911269E-39
  0.58000000E+01  0.14935170E-23  0.15418901E-39
  0.59000000E+01  0.14775723E-23  0.14187792E-39
  0.60000000E+01  0.14617686E-23  0.15134551E-39
  0.61000000E+01  0.14461083E-23  0.14335429E-39
  0.62000000E+01  0.14305937E-23  0.13186432E-39
  0.63000000E+01  0.14152268E-23  0.12175299E-39
  0.64000000E+01  0.14000093E-23  0.12112534E-39
  0.65000000E+01  0.13849426E-23  0.11645623E-39
  0.66000000E+01  0.13700280E-23  0.10797590E-39
  0.67000000E+01  0.13552664E-23  0.10894248E-39
  0.68000000E+01  0.13406587E-23  0.11650570E-39
  0.69000000E+01  0.13262055E-23  0.11655131E-39
  0.70000000E+01  0.13119072E-23  0.97851978E-40
  0.71000000E+01  0.12977640E-23  0.11072565E-39
  0.72000000E+01  0.12837762E-23  0.10482012E-39
  0.73000000E+01  0.12699437E-23  0.95218286E-40
  0.74000000E+01  0.12562664E-23  0.96409131E-40
  0.75000000E+01  0.12427439E-23  0.82111162E-40
  0.76000000E+01  0.12293760E-23  0.91166899E-40
  0.77000000E+01  0.12161620E-23  0.82370461E-40
  0.78000000E+01  0.12031015E-23  0.79554721E-40
  0.79000000E+01  0.11901937E-23  0.83168872E-40
  0.80000000E+01  0.11774380E-23  0.76826117E-40
  0.81000000E+01  0.11648334E-23  0.78549501E-40
  0.82000000E+01  0.11523791E-23  0.74248140E-40
  0.83000000E+01  0.11400741E-23  0.72945635E-40
  0.84000000E+01  0.11279174E-23  0.67254422E-40
  0.85000000E+01  0.11159079E-23  0.63813599E-40
  0.86000000E+01  0.11040445E-23  0.76639583E-40
  0.87000000E+01  0.10923260E-23  0.63550607E-40
  0.88000000E+01  0.10807512E-23  0.65442311E-40
  0.89000000E+01  0.10693188E-23  0.51874297E-40
  0.90000000E+01  0.10580277E-23  0.59215755E-40
  0.91000000E+01  0.10468763E-23  0.57958073E-40
  0.92000000E+01  0.10358636E-23  0.54840756E-40
  0.93000000E+01  0.10249880E-23  0.58780748E-40
  0.94000000E+01  0.10142481E-23  0.54403859E-40
  0.95000000E+01  0.10036427E-23  0.50474547E-40
  0.96000000E+01  0.99317034E-24  0.50883873E-40
  0.97000000E+01  0.98282950E-24  0.47046123E-40
  0.98000000E+01  0.97261881E-24  0.48713639E-40
  0.99000000E+01  0.96253681E-24  0.38020107E-40
  0.10000000E+02  0.95258206E-24  0.44004485E-40
  0.10100000E+02  0.94275311E-24  0.39357440E-40
  0.10200000E+02  0.93304850E-24  0.37046947E-40
  0.10300000E+02  0.92346677E-24  0.41688161E-40
  0.10400000E+02  0.91400646E-24  0.37872297E-40
  0.10500000E+02  0.90466612E-24  0.41349050E-40
  0.10600000E+02  0.89544428E-24  0.36859008E-40
  0.10700000E+02  0.88633951E-24  0.32233820E-40
  0.10800000E+02  0.87735034E-24  0.30822493E-40
  0.10900000E+02  0.86847534E-24  0.35321974E-40
  0.11000000E+02  0.85971306E-24  0.26636955E-40
  0.11100000E+02  0.85106208E-24  0.26958331E-40
  0.11200000E+02  0.84252098E-24  0.29284740E-40
  0.11300000E+02  0.83408834E-24  0.27282593E-40
  0.11400000E+02  0.82576276E-24  0.24973786E-40
  0.11500000E+02  0.81754284E-24  0.22013122E-40
  0.11600000E+02  0.80942719E-24  0.23786066E-40
  0.11700000E+02  0.80141445E-24  0.19926161E-40
  0.11800000E+02  0.79350324E-24  0.25325657E-40
  0.11900000E+02  0.78569222E-24  0.24400935E-40
  0.12000000E+02  0.77798005E-24  0.24897075E-40
  0.12100000E+02  0.77036540E-24  0.19017921E-40
  0.12200000E+02  0.76284695E-24  0.22149781E-40
  0.12300000E+02  0.75542341E-24  0.16082299E-40
  0.12400000E+02  0.74809348E-24  0.20202385E-40
  0.12500000E+02  0.74085588E-24  0.18747612E-40
  0.12600000E+02  0.73370936E-24  0.19931599E-40
  0.12700000E+02  0.72665267E-24  0.21202401E-40
  0.12800000E+02  0.71968457E-24  0.16975686E-40
  0.12900000E+02  0.71280384E-24  0.18993480E-40
  0.13000000E+02  0.70600927E-24  0.12473939E-40
  0.13100000E+02  0.69929967E-24  0.14704597E-40
  0.13200000E+02  0.69267387E-24  0.15053745E-40
  0.13300000E+02  0.68613069E-24  0.14739837E-40
  0.13400000E+02  0.67966898E-24  0.12223719E-40
  0.13500000E+02  0.67328762E-24  0.12326548E-40
  0.13600000E+02  0.66698548E-24  0.18242196E-40
  0.13700000E+02  0.66076144E-24  0.12090415E-40
  0.13800000E+02  0.65461442E-24  0.11868594E-40
  0.13900000E+02  0.64854333E-24  0.15164696E-40
  0.14000000E+02  0.64254712E-24  0.97300036E-41
  0.14100000E+02  0.63662473E-24  0.12255569E-40
  0.14200000E+02  0.63077511E-24  0.82561326E-41
  0.14300000E+02  0.62499726E-24  0.78145116E-41
  0.14400000E+02  0.61929015E-24  0.12367806E-40
  0.14500000E+02  0.61365280E-24  0.10329213E-40
  0.14600000E+02  0.60808421E-24  0.45373767E-41
  0.14700000E+02  0.60258342E-24  0.10154815E-40
  0.14800000E+02  0.59714948E-24  0.70117422E-41
  0.14900000E+02  0.59178144E-24  0.71612526E-41
  0.15000000E+02  0.58647838E-24  0.49291822E-41
  0.15100000E+02  0.58123937E-24  0.49732912E-41
  0.15200000E+02  0.57606352E-24  0.54398404E-41
  0.15300000E+02  0.57094993E-24  0.71596404E-41
  0.15400000E+02  0.56589773E-24  0.36733350E-41
  0.15500000E+02  0.56090605E-24  0.44778343E-41
  0.15600000E+02  0.55597405E-24  0.91694567E-41
  0.15700000E+02  0.55110087E-24  0.72372891E-41
  0.15800000E+02  0.54628570E-24  0.56403259E-41
  0.15900000E+02  0.54152771E-24  0.45216502E-41
  0.16000000E+02  0.53682611E-24  0.29752119E-41
  0.16100000E+02  0.53218010E-24  0.65012273E-41
  0.16200000E+02  0.52758890E-24  0.36224803E-41
  0.16300000E+02  0.52305175E-24  0.42326822E-41
  0.16400000E+02  0.51856788E-24  0.51672562E-41
  0.16500000E+02  0.51413655E-24  0.22889049E-41
  0.16600000E+02  0.50975702E-24  0.29394000E-41
  0.16700000E+02  0.50542858E-24  0.10553896E-41
  0.16800000E+02  0.50115050E-24  0.12949398E-41
  0.16900000E+02  0.49692209E-24  0.31265939E-41
  0.17000000E+02  0.49274265E-24  0.46432283E-41
  0.17100000E+02  0.48861150E-24  0.21498930E-41
  0.17200000E+02  0.48452797E-24 -0.90748416E-42
  0.17300000E+02  0.48049140E-24  0.20799629E-41
  0.17400000E+02  0.47650114E-24  0.30786806E-41
  0.17500000E+02  0.47255654E-24  0.14163667E-41
  0.17600000E+02  0.46865697E-24  0.17071324E-41
  0.17700000E+02  0.46480182E-24  0.15949983E-41
  0.17800000E+02  0.46099047E-24  0.14284938E-41
  0.17900000E+02  0.45722231E-24  0.57322697E-42
  0.18000000E+02  0.45349674E-24 -0.21507338E-41
  0.18100000E+02  0.44981320E-24  0.20908178E-42
  0.18200000E+02  0.44617109E-24  0.12015235E-41
  0.18300000E+02  0.44256985E-24 -0.18033182E-42
  0.18400000E+02  0.43900893E-24  0.17636097E-41
  0.18500000E+02  0.43548776E-24 -0.18055222E-41
  0.18600000E+02  0.43200581E-24  0.42302860E-42
  0.18700000E+02  0.42856255E-24  0.20985063E-42
  0.18800000E+02  0.42515744E-24  0.78151744E-43
  0.18900000E+02  0.42178997E-24 -0.66603753E-42
  0.19000000E+02  0.41845963E-24  0.67008134E-42
  0.19100000E+02  0.41516592E-24  0.17886234E-41
  0.19200000E+02  0.41190834E-24  0.61331823E-42
  0.19300000E+02  0.40868641E-24 -0.83517212E-42
  0.19400000E+02  0.40549964E-24  0.18060775E-42
  0.19500000E+02  0.40234756E-24 -0.16328081E-41
  0.19600000E+02  0.39922971E-24  0.12793064E-41
  0.19700000E+02  0.39614563E-24 -0.71154977E-43
  0.19800000E+02  0.39309486E-24 -0.11623151E-41
  0.19900000E+02  0.39007697E-24 -0.21238679E-41
  0.20000000E+02  0.38709151E-24 -0.22211153E-41
  0.20100000E+02  0.38413806E-24 -0.25909268E-41
  0.20200000E+02  0.38121618E-24 -0.16307016E-41
  0.20300000E+02  0.37832547E-24  0.16550830E-42
  0.20400000E+02  0.37546550E-24 -0.16606397E-41
  0.20500000E+02  0.37263587E-24 -0.15766597E-41
  0.20600000E+02  0.36983619E-24 -0.21517476E-41
  0.20700000E+02  0.36706606E-24 -0.10259580E-41
  0.20800000E+02  0.36432509E-24 -0.11326882E-41
  0.20900000E+02  0.36161290E-24 -0.71489400E-42
  0.21000000E+02  0.35892911E-24 -0.19873448E-41
  0.21100000E+02  0.35627335E-24 -0.11363055E-41
  0.21200000E+02  0.35364527E-24 -0.21069706E-41
  0.21300000E+02  0.35104449E-24 -0.31597746E-41
  0.21400000E+02  0.34847067E-24 -0.16609772E-41
  0.21500000E+02  0.34592345E-24 -0.12579210E-41
  0.21600000E+02  0.34340250E-24 -0.13842978E-41
  0.21700000E+02  0.34090746E-24 -0.29458093E-41
  0.21800000E+02  0.33843802E-24 -0.18792131E-41
  0.21900000E+02  0.33599384E-24 -0.39113258E-41
  0.22000000E+02  0.33357460E-24 -0.35949013E-41
  0.22100000E+02  0.33117998E-24 -0.14734402E-41
  0.22200000E+02  0.32880967E-24 -0.21683074E-41
  0.22300000E+02  0.32646335E-24 -0.25166294E-41
  0.22400000E+02  0.32414072E-24 -0.34496196E-41
  0.22500000E+02  0.32184149E-24 -0.15425937E-41
  0.22600000E+02  0.31956535E-24 -0.22270509E-41
  0.22700000E+02  0.31731201E-24 -0.17912858E-41
  0.22800000E+02  0.31508119E-24 -0.24440832E-41
  0.22900000E+02  0.31287260E-24 -0.31133844E-41
  0.23000000E+02  0.31068597E-24 -0.19533484E-41
  0.23100000E+02  0.30852102E-24 -0.30602897E-41
  0.23200000E+02  0.30637748E-24 -0.13277512E-41
  0.23300000E+02  0.30425507E-24 -0.22305170E-41
  0.23400000E+02  0.30215355E-24 -0.15617665E-41
  0.23500000E+02  0.30007265E-24 -0.15102337E-41
  0.23600000E+02  0.29801212E-24 -0.24915441E-41
  0.23700000E+02  0.29597170E-24 -0.27814370E-41
  0.23800000E+02  0.29395114E-24 -0.14127014E-41
  0.23900000E+02  0.29195021E-24 -0.22854891E-41
  0.24000000E+02  0.28996866E-24 -0.34537974E-41
  0.24100000E+02  0.28800625E-24 -0.23036218E-41
  0.24200000E+02  0.28606274E-24 -0.43751449E-41
  0.24300000E+02  0.28413792E-24 -0.24001196E-41
  0.24400000E+02  0.28223155E-24 -0.10695612E-41
  0.24500000E+02  0.28034341E-24 -0.26602968E-41
  0.24600000E+02  0.27847327E-24 -0.12423154E-41
  0.24700000E+02  0.27662093E-24 -0.27081384E-41
  0.24800000E+02  0.27478615E-24 -0.22641502E-41
  0.24900000E+02  0.27296875E-24 -0.25625639E-41
  0.25000000E+02  0.27116849E-24 -0.39701508E-41
  0.25100000E+02  0.26938519E-24 -0.25646225E-41
  0.25200000E+02  0.26761863E-24 -0.29649172E-41
  0.25300000E+02  0.26586862E-24 -0.26492802E-41
  0.25400000E+02  0.26413495E-24 -0.35470314E-41
  0.25500000E+02  0.26241745E-24 -0.19299208E-41
  0.25600000E+02  0.26071591E-24 -0.40343579E-41
  0.25700000E+02  0.25903014E-24 -0.33536903E-41
  0.25800000E+02  0.25735997E-24 -0.27190456E-41
  0.25900000E+02  0.25570520E-24 -0.30532698E-41
  0.26000000E+02  0.25406566E-24 -0.29147253E-41
  0.26100000E+02  0.25244116E-24 -0.32398647E-41
  0.26200000E+02  0.25083153E-24 -0.32739751E-41
  0.26300000E+02  0.24923661E-24 -0.23724184E-41
  0.26400000E+02  0.24765621E-24 -0.31290541E-41
  0.26500000E+02  0.24609016E-24 -0.32327431E-41
  0.26600000E+02  0.24453831E-24 -0.28202064E-41
  0.26700000E+02  0.24300049E-24 -0.27587649E-41
  0.26800000E+02  0.24147653E-24 -0.33416562E-41
  0.26900000E+02  0.23996628E-24 -0.34542947E-41
  0.27000000E+02  0.23846958E-24 -0.33161804E-41
  0.27100000E+02  0.23698627E-24 -0.30859122E-41
  0.27200000E+02  0.23551620E-24 -0.36351422E-41
  0.27300000E+02  0.23405923E-24 -0.21120240E-41
  0.27400000E+02  0.23261519E-24 -0.36779981E-41
  0.27500000E+02  0.23118395E-24 -0.30036787E-41
  0.27600000E+02  0.22976535E-24 -0.27766206E-41
  0.27700000E+02  0.22835926E-24 -0.20086540E-41
  0.27800000E+02  0.22696554E-24 -0.32307193E-41
  0.27900000E+02  0.22558404E-24 -0.22713880E-41
  0.28000000E+02  0.22421463E-24 -0.33095738E-41
  0.28100000E+02  0.22285718E-24 -0.36294579E-41
  0.28200000E+02  0.22151154E-24 -0.20042774E-41
  0.28300000E+02  0.22017760E-24 -0.35088294E-41
  0.28400000E+02  0.21885520E-24 -0.33236363E-41
  0.28500000E+02  0.21754424E-24 -0.26647634E-41
  0.28600000E+02  0.21624459E-24 -0.38048945E-41
  0.28700000E+02  0.21495610E-24 -0.23066695E-41
  0.28800000E+02  0.21367868E-24 -0.26979749E-41
  0.28900000E+02  0.21241219E-24 -0.31758590E-41
  0.29000000E+02  0.21115651E-24 -0.26474948E-41
  0.29100000E+02  0.20991152E-24 -0.45864397E-41
  0.29200000E+02  0.20867711E-24 -0.26548199E-41
  0.29300000E+02  0.20745317E-24 -0.37472698E-41
  0.29400000E+02  0.20623957E-24 -0.27494350E-41
  0.29500000E+02  0.20503621E-24 -0.19937367E-41
  0.29600000E+02  0.20384298E-24 -0.30452362E-41
  0.29700000E+02  0.20265976E-24 -0.39345412E-41
  0.29800000E+02  0.20148644E-24 -0.33628232E-41
  0.29900000E+02  0.20032293E-24 -0.28149288E-41
  0.30000000E+02  0.19916912E-24 -0.31513320E-41
  0.30100000E+02  0.19802489E-24 -0.39469545E-41
  0.30200000E+02  0.19689016E-24 -0.26434926E-41
  0.30300000E+02  0.19576481E-24 -0.43160396E-41
  0.30400000E+02  0.19464876E-24 -0.36626475E-41
  0.30500000E+02  0.19354189E-24 -0.33670015E-41
  0.30600000E+02  0.19244412E-24 -0.25742112E-41
  0.30700000E+02  0.19135534E-24 -0.35086207E-41
  0.30800000E+02  0.19027546E-24 -0.36262405E-41
  0.30900000E+02  0.18920439E-24 -0.32191815E-41
  0.31000000E+02  0.18814203E-24 -0.28182055E-41
  0.31100000E+02  0.18708830E-24 -0.35680649E-41
  0.31200000E+02  0.18604311E-24 -0.27183637E-41
  0.31300000E+02  0.18500635E-24 -0.43135647E-41
  0.31400000E+02  0.18397796E-24 -0.34985912E-41
  0.31500000E+02  0.18295783E-24 -0.34624564E-41
  0.31600000E+02  0.18194589E-24 -0.41360864E-41
  0.31700000E+02  0.18094205E-24 -0.33830118E-41
  0.31800000E+02  0.17994622E-24 -0.27482332E-41
  0.31900000E+02  0.17895833E-24 -0.35382358E-41
  0.32000000E+02  0.17797829E-24 -0.31338192E-41
  0.32100000E+02  0.17700602E-24 -0.37872714E-41
  0.32200000E+02  0.17604144E-24 -0.26356940E-41
  0.32300000E+02  0.17508447E-24 -0.34257699E-41
  0.32400000E+02  0.17413504E-24 -0.35051722E-41
  0.32500000E+02  0.17319307E-24 -0.28538241E-41
  0.32600000E+02  0.17225849E-24 -0.24531411E-41
  0.32700000E+02  0.17133121E-24 -0.36757341E-41
  0.32800000E+02  0.17041116E-24 -0.29245767E-41
  0.32900000E+02  0.16949828E-24 -0.28430569E-41
  0.33000000E+02  0.16859249E-24 -0.31427437E-41
  0.33100000E+02  0.16769372E-24 -0.26679399E-41
  0.33200000E+02  0.16680190E-24 -0.33825513E-41
  0.33300000E+02  0.16591695E-24 -0.33201553E-41
  0.33400000E+02  0.16503882E-24 -0.30807284E-41
  0.33500000E+02  0.16416743E-24 -0.24677097E-41
  0.33600000E+02  0.16330271E-24 -0.27286616E-41
  0.33700000E+02  0.16244461E-24 -0.30078037E-41
  0.33800000E+02  0.16159305E-24 -0.29524547E-41
  0.33900000E+02  0.16074797E-24 -0.31378247E-41
  0.34000000E+02  0.15990930E-24 -0.33493996E-41
  0.34100000E+02  0.15907699E-24 -0.29464951E-41
  0.34200000E+02  0.15825097E-24 -0.37406575E-41
  0.34300000E+02  0.15743118E-24 -0.24013062E-41
  0.34400000E+02  0.15661755E-24 -0.25948069E-41
  0.34500000E+02  0.15581004E-24 -0.22900069E-41
  0.34600000E+02  0.15500857E-24 -0.26028147E-41
  0.34700000E+02  0.15421310E-24 -0.23432579E-41
  0.34800000E+02  0.15342355E-24 -0.30406888E-41
  0.34900000E+02  0.15263988E-24 -0.30778265E-41
  0.35000000E+02  0.15186203E-24 -0.23198364E-41
  0.35100000E+02  0.15108995E-24 -0.32118271E-41
  0.35200000E+02  0.15032357E-24 -0.22584169E-41
  0.35300000E+02  0.14956284E-24 -0.24783632E-41
  0.35400000E+02  0.14880771E-24 -0.23616140E-41
  0.35500000E+02  0.14805813E-24 -0.32769527E-41
  0.35600000E+02  0.14731404E-24 -0.32017743E-41
  0.35700000E+02  0.14657539E-24 -0.32184343E-41
  0.35800000E+02  0.14584212E-24 -0.26911764E-41
  0.35900000E+02  0.14511420E-24 -0.32041978E-41
  0.36000000E+02  0.14439156E-24 -0.31300466E-41
  0.36100000E+02  0.14367416E-24 -0.27388524E-41
  0.36200000E+02  0.14296195E-24 -0.23858101E-41
  0.36300000E+02  0.14225488E-24 -0.30263166E-41
  0.36400000E+02  0.14155290E-24 -0.31586007E-41
  0.36500000E+02  0.14085596E-24 -0.31643383E-41
  0.36600000E+02  0.14016402E-24 -0.22361326E-41
  0.36700000E+02  0.13947703E-24 -0.26684705E-41
  0.36800000E+02  0.13879495E-24 -0.31860051E-41
  0.36900000E+02  0.13811772E-24 -0.27427306E-41
  0.37000000E+02  0.13744531E-24 -0.29796503E-41
  0.37100000E+02  0.13677767E-24 -0.34233360E-41
  0.37200000E+02  0.13611475E-24 -0.22192244E-41
  0.37300000E+02  0.13545652E-24 -0.30197969E-41
  0.37400000E+02  0.13480292E-24 -0.28790393E-41
  0.37500000E+02  0.13415392E-24 -0.28505775E-41
  0.37600000E+02  0.13350948E-24 -0.30801970E-41
  0.37700000E+02  0.13286955E-24 -0.26701987E-41
  0.37800000E+02  0.13223409E-24 -0.22296291E-41
  0.37900000E+02  0.13160307E-24 -0.32184784E-41
  0.38000000E+02  0.13097643E-24 -0.29710036E-41
  0.38100000E+02  0.13035415E-24 -0.23451377E-41
  0.38200000E+02  0.12973618E-24 -0.27334009E-41
  0.38300000E+02  0.12912249E-24 -0.23801023E-41
  0.38400000E+02  0.12851303E-24 -0.23159891E-41
  0.38500000E+02  0.12790776E-24 -0.26879028E-41
  0.38600000E+02  0.12730666E-24 -0.23363346E-41
  0.38700000E+02  0.12670968E-24 -0.25989280E-41
  0.38800000E+02  0.12611678E-24 -0.28037293E-41
  0.38900000E+02  0.12552794E-24 -0.27386295E-41
  0.39000000E+02  0.12494310E-24 -0.31188699E-41
  0.39100000E+02  0.12436225E-24 -0.27873693E-41
  0.39200000E+02  0.12378534E-24 -0.22131801E-41
  0.39300000E+02  0.12321233E-24 -0.28973035E-41
  0.39400000E+02  0.12264320E-24 -0.22699259E-41
  0.39500000E+02  0.12207791E-24 -0.25430234E-41
  0.39600000E+02  0.12151643E-24 -0.27277043E-41
  0.39700000E+02  0.12095871E-24 -0.23481257E-41
  0.39800000E+02  0.12040474E-24 -0.25381426E-41
  0.39900000E+02  0.11985447E-24 -0.24440309E-41
  0.40000000E+02  0.11930788E-24 -0.23045467E-41
