  0.00000000E+00 -0.77169885E-25 -0.53047195E-39
  0.10000000E+00 -0.77149643E-25 -0.52912103E-39
  0.20000000E+00 -0.77088983E-25 -0.52999996E-39
  0.30000000E+00 -0.76988107E-25 -0.53928694E-39
  0.40000000E+00 -0.76847347E-25 -0.52330031E-39
  0.50000000E+00 -0.76667162E-25 -0.52509109E-39
  0.60000000E+00 -0.76448138E-25 -0.53141082E-39
  0.70000000E+00 -0.76190978E-25 -0.51859483E-39
  0.80000000E+00 -0.75896499E-25 -0.52135295E-39
  0.90000000E+00 -0.75565620E-25 -0.51421281E-39
  0.10000000E+01 -0.75199360E-25 -0.51470964E-39
  0.11000000E+01 -0.74798826E-25 -0.50470652E-39
  0.12000000E+01 -0.74365204E-25 -0.51205932E-39
  0.13000000E+01 -0.73899749E-25 -0.50240884E-39
  0.14000000E+01 -0.73403777E-25 -0.50394943E-39
  0.15000000E+01 -0.72878656E-25 -0.49702663E-39
  0.16000000E+01 -0.72325794E-25 -0.49774419E-39
  0.17000000E+01 -0.71746629E-25 -0.48341145E-39
  0.18000000E+01 -0.71142624E-25 -0.48492244E-39
  0.19000000E+01 -0.70515254E-25 -0.47860615E-39
  0.20000000E+01 -0.69866000E-25 -0.47233534E-39
  0.21000000E+01 -0.69196339E-25 -0.47986659E-39
  0.22000000E+01 -0.68507740E-25 -0.46710159E-39
  0.23000000E+01 -0.67801656E-25 -0.45151244E-39
  0.24000000E+01 -0.67079516E-25 -0.45708728E-39
  0.25000000E+01 -0.66342722E-25 -0.44679859E-39
  0.26000000E+01 -0.65592644E-25 -0.44218750E-39
  0.27000000E+01 -0.64830616E-25 -0.44432863E-39
  0.28000000E+01 -0.64057930E-25 -0.43571854E-39
  0.29000000E+01 -0.63275837E-25 -0.42907767E-39
  0.30000000E+01 -0.62485544E-25 -0.42306369E-39
  0.31000000E+01 -0.61688208E-25 -0.42210029E-39
  0.32000000E+01 -0.60884939E-25 -0.40329663E-39
  0.33000000E+01 -0.60076800E-25 -0.40631899E-39
  0.34000000E+01 -0.59264803E-25 -0.40791584E-39
  0.35000000E+01 -0.58449908E-25 -0.39516389E-39
  0.36000000E+01 -0.57633030E-25 -0.39345675E-39
  0.37000000E+01 -0.56815032E-25 -0.38435701E-39
  0.38000000E+01 -0.55996731E-25 -0.38315313E-39
  0.39000000E+01 -0.55178893E-25 -0.37643710E-39
  0.40000000E+01 -0.54362243E-25 -0.37001030E-39
  0.41000000E+01 -0.53547459E-25 -0.36469042E-39
  0.42000000E+01 -0.52735173E-25 -0.36048783E-39
  0.43000000E+01 -0.51925980E-25 -0.35321206E-39
  0.44000000E+01 -0.51120431E-25 -0.35482320E-39
  0.45000000E+01 -0.50319039E-25 -0.34477841E-39
  0.46000000E+01 -0.49522281E-25 -0.34233056E-39
  0.47000000E+01 -0.48730598E-25 -0.33545045E-39
  0.48000000E+01 -0.47944397E-25 -0.33187227E-39
  0.49000000E+01 -0.47164052E-25 -0.32213067E-39
  0.50000000E+01 -0.46389907E-25 -0.32205959E-39
  0.51000000E+01 -0.45622278E-25 -0.31631678E-39
  0.52000000E+01 -0.44861452E-25 -0.31519334E-39
  0.53000000E+01 -0.44107689E-25 -0.31083317E-39
  0.54000000E+01 -0.43361227E-25 -0.30932050E-39
  0.55000000E+01 -0.42622280E-25 -0.29828749E-39
  0.56000000E+01 -0.41891038E-25 -0.29618119E-39
  0.57000000E+01 -0.41167672E-25 -0.29547018E-39
  0.58000000E+01 -0.40452335E-25 -0.28707234E-39
  0.59000000E+01 -0.39745159E-25 -0.28917314E-39
  0.60000000E+01 -0.39046261E-25 -0.28122781E-39
  0.61000000E+01 -0.38355740E-25 -0.28028833E-39
  0.62000000E+01 -0.37673681E-25 -0.27440252E-39
  0.63000000E+01 -0.37000155E-25 -0.26985063E-39
  0.64000000E+01 -0.36335221E-25 -0.26688028E-39
  0.65000000E+01 -0.35678922E-25 -0.26346007E-39
  0.66000000E+01 -0.35031294E-25 -0.26135303E-39
  0.67000000E+01 -0.34392358E-25 -0.25657259E-39
  0.68000000E+01 -0.33762129E-25 -0.25398103E-39
  0.69000000E+01 -0.33140609E-25 -0.24883323E-39
  0.70000000E+01 -0.32527793E-25 -0.24741316E-39
  0.71000000E+01 -0.31923669E-25 -0.24036639E-39
  0.72000000E+01 -0.31328216E-25 -0.24373989E-39
  0.73000000E+01 -0.30741406E-25 -0.23822407E-39
  0.74000000E+01 -0.30163205E-25 -0.23311676E-39
  0.75000000E+01 -0.29593573E-25 -0.23198534E-39
  0.76000000E+01 -0.29032465E-25 -0.23076212E-39
  0.77000000E+01 -0.28479829E-25 -0.22240756E-39
  0.78000000E+01 -0.27935611E-25 -0.22512524E-39
  0.79000000E+01 -0.27399750E-25 -0.22164178E-39
  0.80000000E+01 -0.26872184E-25 -0.21806572E-39
  0.81000000E+01 -0.26352845E-25 -0.21903709E-39
  0.82000000E+01 -0.25841662E-25 -0.21390783E-39
  0.83000000E+01 -0.25338561E-25 -0.21176812E-39
  0.84000000E+01 -0.24843468E-25 -0.20682728E-39
  0.85000000E+01 -0.24356302E-25 -0.20346325E-39
  0.86000000E+01 -0.23876983E-25 -0.20403979E-39
  0.87000000E+01 -0.23405428E-25 -0.19965195E-39
  0.88000000E+01 -0.22941552E-25 -0.19979327E-39
  0.89000000E+01 -0.22485268E-25 -0.19537627E-39
  0.90000000E+01 -0.22036490E-25 -0.19447523E-39
  0.91000000E+01 -0.21595128E-25 -0.19120657E-39
  0.92000000E+01 -0.21161093E-25 -0.19172386E-39
  0.93000000E+01 -0.20734293E-25 -0.18689608E-39
  0.94000000E+01 -0.20314637E-25 -0.18583032E-39
  0.95000000E+01 -0.19902033E-25 -0.18348348E-39
  0.96000000E+01 -0.19496389E-25 -0.17927280E-39
  0.97000000E+01 -0.19097611E-25 -0.18061443E-39
  0.98000000E+01 -0.18705608E-25 -0.17774970E-39
  0.99000000E+01 -0.18320284E-25 -0.17458572E-39
  0.10000000E+02 -0.17941548E-25 -0.17565835E-39
  0.10100000E+02 -0.17569306E-25 -0.17067856E-39
  0.10200000E+02 -0.17203466E-25 -0.16924699E-39
  0.10300000E+02 -0.16843934E-25 -0.16743726E-39
  0.10400000E+02 -0.16490618E-25 -0.16709158E-39
  0.10500000E+02 -0.16143427E-25 -0.16382907E-39
  0.10600000E+02 -0.15802268E-25 -0.16058997E-39
  0.10700000E+02 -0.15467052E-25 -0.16027009E-39
  0.10800000E+02 -0.15137686E-25 -0.15756851E-39
  0.10900000E+02 -0.14814083E-25 -0.15512154E-39
  0.11000000E+02 -0.14496151E-25 -0.15614504E-39
  0.11100000E+02 -0.14183804E-25 -0.15198415E-39
  0.11200000E+02 -0.13876953E-25 -0.15250136E-39
  0.11300000E+02 -0.13575512E-25 -0.15162567E-39
  0.11400000E+02 -0.13279394E-25 -0.15035215E-39
  0.11500000E+02 -0.12988514E-25 -0.14815309E-39
  0.11600000E+02 -0.12702787E-25 -0.14756570E-39
  0.11700000E+02 -0.12422131E-25 -0.14558020E-39
  0.11800000E+02 -0.12146463E-25 -0.14364684E-39
  0.11900000E+02 -0.11875701E-25 -0.14142993E-39
  0.12000000E+02 -0.11609764E-25 -0.14045936E-39
  0.12100000E+02 -0.11348572E-25 -0.13925505E-39
  0.12200000E+02 -0.11092048E-25 -0.13770704E-39
  0.12300000E+02 -0.10840112E-25 -0.13759882E-39
  0.12400000E+02 -0.10592689E-25 -0.13503519E-39
  0.12500000E+02 -0.10349703E-25 -0.13451865E-39
  0.12600000E+02 -0.10111078E-25 -0.13377620E-39
  0.12700000E+02 -0.98767419E-26 -0.13171854E-39
  0.12800000E+02 -0.96466207E-26 -0.13031621E-39
  0.12900000E+02 -0.94206432E-26 -0.12805961E-39
  0.13000000E+02 -0.91987386E-26 -0.12834946E-39
  0.13100000E+02 -0.89808373E-26 -0.12735355E-39
  0.13200000E+02 -0.87668705E-26 -0.12552125E-39
  0.13300000E+02 -0.85567707E-26 -0.12248101E-39
  0.13400000E+02 -0.83504711E-26 -0.12295830E-39
  0.13500000E+02 -0.81479062E-26 -0.12182163E-39
  0.13600000E+02 -0.79490113E-26 -0.11917201E-39
  0.13700000E+02 -0.77537227E-26 -0.11850441E-39
  0.13800000E+02 -0.75619777E-26 -0.11930382E-39
  0.13900000E+02 -0.73737147E-26 -0.11682008E-39
  0.14000000E+02 -0.71888730E-26 -0.11608245E-39
  0.14100000E+02 -0.70073928E-26 -0.11406637E-39
  0.14200000E+02 -0.68292153E-26 -0.11389272E-39
  0.14300000E+02 -0.66542827E-26 -0.11312818E-39
  0.14400000E+02 -0.64825381E-26 -0.11091234E-39
  0.14500000E+02 -0.63139254E-26 -0.11116066E-39
  0.14600000E+02 -0.61483897E-26 -0.11062644E-39
  0.14700000E+02 -0.59858768E-26 -0.10900216E-39
  0.14800000E+02 -0.58263333E-26 -0.10760550E-39
  0.14900000E+02 -0.56697070E-26 -0.10635712E-39
  0.15000000E+02 -0.55159464E-26 -0.10529120E-39
  0.15100000E+02 -0.53650008E-26 -0.10564686E-39
  0.15200000E+02 -0.52168205E-26 -0.10407907E-39
  0.15300000E+02 -0.50713566E-26 -0.10264486E-39
  0.15400000E+02 -0.49285609E-26 -0.10174057E-39
  0.15500000E+02 -0.47883862E-26 -0.10085468E-39
  0.15600000E+02 -0.46507861E-26 -0.10022049E-39
  0.15700000E+02 -0.45157148E-26 -0.99259938E-40
  0.15800000E+02 -0.43831276E-26 -0.98100210E-40
  0.15900000E+02 -0.42529803E-26 -0.97360409E-40
  0.16000000E+02 -0.41252296E-26 -0.96965041E-40
  0.16100000E+02 -0.39998329E-26 -0.96177603E-40
  0.16200000E+02 -0.38767485E-26 -0.96037698E-40
  0.16300000E+02 -0.37559351E-26 -0.95254024E-40
  0.16400000E+02 -0.36373525E-26 -0.94837603E-40
  0.16500000E+02 -0.35209609E-26 -0.92545034E-40
  0.16600000E+02 -0.34067215E-26 -0.92195799E-40
  0.16700000E+02 -0.32945958E-26 -0.90934748E-40
  0.16800000E+02 -0.31845463E-26 -0.89843240E-40
  0.16900000E+02 -0.30765361E-26 -0.89961854E-40
  0.17000000E+02 -0.29705288E-26 -0.88995980E-40
  0.17100000E+02 -0.28664888E-26 -0.87947606E-40
  0.17200000E+02 -0.27643811E-26 -0.87410747E-40
  0.17300000E+02 -0.26641714E-26 -0.85944309E-40
  0.17400000E+02 -0.25658258E-26 -0.86340163E-40
  0.17500000E+02 -0.24693111E-26 -0.86107071E-40
  0.17600000E+02 -0.23745948E-26 -0.84864564E-40
  0.17700000E+02 -0.22816448E-26 -0.83009213E-40
  0.17800000E+02 -0.21904298E-26 -0.83488855E-40
  0.17900000E+02 -0.21009188E-26 -0.82947416E-40
  0.18000000E+02 -0.20130816E-26 -0.80686815E-40
  0.18100000E+02 -0.19268883E-26 -0.80999329E-40
  0.18200000E+02 -0.18423098E-26 -0.80102757E-40
  0.18300000E+02 -0.17593172E-26 -0.79878302E-40
  0.18400000E+02 -0.16778825E-26 -0.79033360E-40
  0.18500000E+02 -0.15979778E-26 -0.78351143E-40
  0.18600000E+02 -0.15195761E-26 -0.78222478E-40
  0.18700000E+02 -0.14426505E-26 -0.77712831E-40
  0.18800000E+02 -0.13671748E-26 -0.76247875E-40
  0.18900000E+02 -0.12931234E-26 -0.76161110E-40
  0.19000000E+02 -0.12204708E-26 -0.75165652E-40
  0.19100000E+02 -0.11491923E-26 -0.75323228E-40
  0.19200000E+02 -0.10792634E-26 -0.74546318E-40
  0.19300000E+02 -0.10106602E-26 -0.73493400E-40
  0.19400000E+02 -0.94335917E-27 -0.73308125E-40
  0.19500000E+02 -0.87733715E-27 -0.71681090E-40
  0.19600000E+02 -0.81257147E-27 -0.71917614E-40
  0.19700000E+02 -0.74903986E-27 -0.70954737E-40
  0.19800000E+02 -0.68672041E-27 -0.70569255E-40
  0.19900000E+02 -0.62559165E-27 -0.69764822E-40
  0.20000000E+02 -0.56563247E-27 -0.69098435E-40
  0.20100000E+02 -0.50682214E-27 -0.69492968E-40
  0.20200000E+02 -0.44914030E-27 -0.68132906E-40
  0.20300000E+02 -0.39256696E-27 -0.68271059E-40
  0.20400000E+02 -0.33708249E-27 -0.67671086E-40
  0.20500000E+02 -0.28266762E-27 -0.66958640E-40
  0.20600000E+02 -0.22930341E-27 -0.66674610E-40
  0.20700000E+02 -0.17697127E-27 -0.65142830E-40
  0.20800000E+02 -0.12565293E-27 -0.65860228E-40
  0.20900000E+02 -0.75330464E-28 -0.64900878E-40
  0.21000000E+02 -0.25986261E-28 -0.64055374E-40
  0.21100000E+02  0.22396978E-28 -0.63710157E-40
  0.21200000E+02  0.69836240E-28 -0.64287883E-40
  0.21300000E+02  0.11634821E-27 -0.63038997E-40
  0.21400000E+02  0.16194926E-27 -0.62076509E-40
  0.21500000E+02  0.20665550E-27 -0.61748934E-40
  0.21600000E+02  0.25048272E-27 -0.61621568E-40
  0.21700000E+02  0.29344646E-27 -0.60844102E-40
  0.21800000E+02  0.33556194E-27 -0.60850106E-40
  0.21900000E+02  0.37684414E-27 -0.60512408E-40
  0.22000000E+02  0.41730778E-27 -0.59748430E-40
  0.22100000E+02  0.45696728E-27 -0.59506048E-40
  0.22200000E+02  0.49583685E-27 -0.59382969E-40
  0.22300000E+02  0.53393040E-27 -0.58688437E-40
  0.22400000E+02  0.57126163E-27 -0.58008619E-40
  0.22500000E+02  0.60784397E-27 -0.57668293E-40
  0.22600000E+02  0.64369063E-27 -0.57372847E-40
  0.22700000E+02  0.67881458E-27 -0.56351181E-40
  0.22800000E+02  0.71322854E-27 -0.56423012E-40
  0.22900000E+02  0.74694504E-27 -0.56239759E-40
  0.23000000E+02  0.77997635E-27 -0.55432868E-40
  0.23100000E+02  0.81233455E-27 -0.55202967E-40
  0.23200000E+02  0.84403150E-27 -0.55574925E-40
  0.23300000E+02  0.87507884E-27 -0.54153662E-40
  0.23400000E+02  0.90548801E-27 -0.54022440E-40
  0.23500000E+02  0.93527024E-27 -0.53810626E-40
  0.23600000E+02  0.96443658E-27 -0.53241161E-40
  0.23700000E+02  0.99299787E-27 -0.53479421E-40
  0.23800000E+02  0.10209648E-26 -0.53022181E-40
  0.23900000E+02  0.10483477E-26 -0.52574544E-40
  0.24000000E+02  0.10751570E-26 -0.52386098E-40
  0.24100000E+02  0.11014027E-26 -0.51506321E-40
  0.24200000E+02  0.11270948E-26 -0.51262401E-40
  0.24300000E+02  0.11522429E-26 -0.51099806E-40
  0.24400000E+02  0.11768568E-26 -0.50418007E-40
  0.24500000E+02  0.12009457E-26 -0.49816714E-40
  0.24600000E+02  0.12245189E-26 -0.49721488E-40
  0.24700000E+02  0.12475855E-26 -0.49296836E-40
  0.24800000E+02  0.12701544E-26 -0.49360505E-40
  0.24900000E+02  0.12922343E-26 -0.49353100E-40
  0.25000000E+02  0.13138339E-26 -0.48875907E-40
  0.25100000E+02  0.13349616E-26 -0.48129777E-40
  0.25200000E+02  0.13556258E-26 -0.48004517E-40
  0.25300000E+02  0.13758345E-26 -0.47558468E-40
  0.25400000E+02  0.13955958E-26 -0.46960447E-40
  0.25500000E+02  0.14149176E-26 -0.46659245E-40
  0.25600000E+02  0.14338076E-26 -0.46209959E-40
  0.25700000E+02  0.14522735E-26 -0.46480161E-40
  0.25800000E+02  0.14703226E-26 -0.46261695E-40
  0.25900000E+02  0.14879623E-26 -0.45685174E-40
  0.26000000E+02  0.15051999E-26 -0.45364714E-40
  0.26100000E+02  0.15220423E-26 -0.44579978E-40
  0.26200000E+02  0.15384967E-26 -0.44868511E-40
  0.26300000E+02  0.15545698E-26 -0.44669100E-40
  0.26400000E+02  0.15702683E-26 -0.44431727E-40
  0.26500000E+02  0.15855989E-26 -0.43834257E-40
  0.26600000E+02  0.16005680E-26 -0.43897541E-40
  0.26700000E+02  0.16151820E-26 -0.43540014E-40
  0.26800000E+02  0.16294472E-26 -0.43466913E-40
  0.26900000E+02  0.16433697E-26 -0.42918942E-40
  0.27000000E+02  0.16569556E-26 -0.42465320E-40
  0.27100000E+02  0.16702109E-26 -0.42689832E-40
  0.27200000E+02  0.16831413E-26 -0.41887485E-40
  0.27300000E+02  0.16957525E-26 -0.41629684E-40
  0.27400000E+02  0.17080504E-26 -0.41482849E-40
  0.27500000E+02  0.17200403E-26 -0.41413270E-40
  0.27600000E+02  0.17317278E-26 -0.40931185E-40
  0.27700000E+02  0.17431181E-26 -0.40777634E-40
  0.27800000E+02  0.17542166E-26 -0.40581961E-40
  0.27900000E+02  0.17650284E-26 -0.40244540E-40
  0.28000000E+02  0.17755585E-26 -0.40393534E-40
  0.28100000E+02  0.17858121E-26 -0.39986811E-40
  0.28200000E+02  0.17957939E-26 -0.39495950E-40
  0.28300000E+02  0.18055089E-26 -0.39084301E-40
  0.28400000E+02  0.18149617E-26 -0.39101357E-40
  0.28500000E+02  0.18241569E-26 -0.39152642E-40
  0.28600000E+02  0.18330993E-26 -0.38585337E-40
  0.28700000E+02  0.18417932E-26 -0.38396510E-40
  0.28800000E+02  0.18502431E-26 -0.38198806E-40
  0.28900000E+02  0.18584533E-26 -0.38134853E-40
  0.29000000E+02  0.18664282E-26 -0.37578175E-40
  0.29100000E+02  0.18741718E-26 -0.37179703E-40
  0.29200000E+02  0.18816883E-26 -0.37213372E-40
  0.29300000E+02  0.18889818E-26 -0.36754496E-40
  0.29400000E+02  0.18960563E-26 -0.36640854E-40
  0.29500000E+02  0.19029156E-26 -0.36345848E-40
  0.29600000E+02  0.19095636E-26 -0.35989714E-40
  0.29700000E+02  0.19160040E-26 -0.36169857E-40
  0.29800000E+02  0.19222407E-26 -0.35706188E-40
  0.29900000E+02  0.19282773E-26 -0.35839211E-40
  0.30000000E+02  0.19341173E-26 -0.35394835E-40
  0.30100000E+02  0.19397642E-26 -0.35210868E-40
  0.30200000E+02  0.19452216E-26 -0.35382305E-40
  0.30300000E+02  0.19504928E-26 -0.35135969E-40
  0.30400000E+02  0.19555813E-26 -0.34930072E-40
  0.30500000E+02  0.19604902E-26 -0.34651954E-40
  0.30600000E+02  0.19652228E-26 -0.34053694E-40
  0.30700000E+02  0.19697824E-26 -0.34164832E-40
  0.30800000E+02  0.19741719E-26 -0.33937125E-40
  0.30900000E+02  0.19783946E-26 -0.33771412E-40
  0.31000000E+02  0.19824534E-26 -0.33508564E-40
  0.31100000E+02  0.19863513E-26 -0.33279737E-40
  0.31200000E+02  0.19900912E-26 -0.33050270E-40
  0.31300000E+02  0.19936760E-26 -0.32959995E-40
  0.31400000E+02  0.19971085E-26 -0.32966881E-40
  0.31500000E+02  0.20003914E-26 -0.32177599E-40
  0.31600000E+02  0.20035276E-26 -0.32207491E-40
  0.31700000E+02  0.20065196E-26 -0.32308223E-40
  0.31800000E+02  0.20093701E-26 -0.32032958E-40
  0.31900000E+02  0.20120817E-26 -0.31755660E-40
  0.32000000E+02  0.20146570E-26 -0.31706546E-40
  0.32100000E+02  0.20170984E-26 -0.31311808E-40
  0.32200000E+02  0.20194084E-26 -0.31319478E-40
  0.32300000E+02  0.20215894E-26 -0.31428020E-40
  0.32400000E+02  0.20236438E-26 -0.30813846E-40
  0.32500000E+02  0.20255739E-26 -0.30721692E-40
  0.32600000E+02  0.20273821E-26 -0.30702148E-40
  0.32700000E+02  0.20290705E-26 -0.30380159E-40
  0.32800000E+02  0.20306414E-26 -0.30231127E-40
  0.32900000E+02  0.20320969E-26 -0.30175035E-40
  0.33000000E+02  0.20334393E-26 -0.29959434E-40
  0.33100000E+02  0.20346706E-26 -0.29870227E-40
  0.33200000E+02  0.20357930E-26 -0.29555036E-40
  0.33300000E+02  0.20368083E-26 -0.29379152E-40
  0.33400000E+02  0.20377187E-26 -0.29493886E-40
  0.33500000E+02  0.20385260E-26 -0.29195747E-40
  0.33600000E+02  0.20392323E-26 -0.28897292E-40
  0.33700000E+02  0.20398395E-26 -0.29029852E-40
  0.33800000E+02  0.20403493E-26 -0.28653379E-40
  0.33900000E+02  0.20407637E-26 -0.28394392E-40
  0.34000000E+02  0.20410844E-26 -0.28404141E-40
  0.34100000E+02  0.20413132E-26 -0.28252303E-40
  0.34200000E+02  0.20414520E-26 -0.27926121E-40
  0.34300000E+02  0.20415023E-26 -0.28010659E-40
  0.34400000E+02  0.20414659E-26 -0.27876128E-40
  0.34500000E+02  0.20413444E-26 -0.27721619E-40
  0.34600000E+02  0.20411395E-26 -0.27260612E-40
  0.34700000E+02  0.20408527E-26 -0.27110966E-40
  0.34800000E+02  0.20404857E-26 -0.27451329E-40
  0.34900000E+02  0.20400400E-26 -0.26953776E-40
  0.35000000E+02  0.20395171E-26 -0.27043473E-40
  0.35100000E+02  0.20389185E-26 -0.27069151E-40
  0.35200000E+02  0.20382457E-26 -0.26615671E-40
  0.35300000E+02  0.20375001E-26 -0.26595394E-40
  0.35400000E+02  0.20366832E-26 -0.26265664E-40
  0.35500000E+02  0.20357964E-26 -0.26402130E-40
  0.35600000E+02  0.20348410E-26 -0.26161268E-40
  0.35700000E+02  0.20338183E-26 -0.25945473E-40
  0.35800000E+02  0.20327298E-26 -0.25908547E-40
  0.35900000E+02  0.20315767E-26 -0.25446980E-40
  0.36000000E+02  0.20303603E-26 -0.25465320E-40
  0.36100000E+02  0.20290818E-26 -0.25203843E-40
  0.36200000E+02  0.20277426E-26 -0.25197321E-40
  0.36300000E+02  0.20263438E-26 -0.25274116E-40
  0.36400000E+02  0.20248866E-26 -0.25254552E-40
  0.36500000E+02  0.20233722E-26 -0.24803529E-40
  0.36600000E+02  0.20218018E-26 -0.24775231E-40
  0.36700000E+02  0.20201765E-26 -0.24842894E-40
  0.36800000E+02  0.20184975E-26 -0.24828185E-40
  0.36900000E+02  0.20167657E-26 -0.24663083E-40
  0.37000000E+02  0.20149824E-26 -0.24285698E-40
  0.37100000E+02  0.20131486E-26 -0.24452871E-40
  0.37200000E+02  0.20112652E-26 -0.24098782E-40
  0.37300000E+02  0.20093335E-26 -0.24068699E-40
  0.37400000E+02  0.20073543E-26 -0.23987830E-40
  0.37500000E+02  0.20053286E-26 -0.23842386E-40
  0.37600000E+02  0.20032575E-26 -0.23767773E-40
  0.37700000E+02  0.20011419E-26 -0.23622116E-40
  0.37800000E+02  0.19989828E-26 -0.23322135E-40
  0.37900000E+02  0.19967810E-26 -0.23356072E-40
  0.38000000E+02  0.19945375E-26 -0.23077717E-40
  0.38100000E+02  0.19922532E-26 -0.23052592E-40
  0.38200000E+02  0.19899290E-26 -0.23116115E-40
  0.38300000E+02  0.19875657E-26 -0.22812586E-40
  0.38400000E+02  0.19851642E-26 -0.22840550E-40
  0.38500000E+02  0.19827253E-26 -0.22794915E-40
  0.38600000E+02  0.19802499E-26 -0.22429337E-40
  0.38700000E+02  0.19777388E-26 -0.22503701E-40
  0.38800000E+02  0.19751927E-26 -0.22377917E-40
  0.38900000E+02  0.19726124E-26 -0.22150126E-40
  0.39000000E+02  0.19699988E-26 -0.22072553E-40
  0.39100000E+02  0.19673525E-26 -0.21991528E-40
  0.39200000E+02  0.19646744E-26 -0.21986636E-40
  0.39300000E+02  0.19619651E-26 -0.21679691E-40
  0.39400000E+02  0.19592253E-26 -0.21776642E-40
  0.39500000E+02  0.19564559E-26 -0.21712726E-40
  0.39600000E+02  0.19536574E-26 -0.21400644E-40
  0.39700000E+02  0.19508305E-26 -0.21476954E-40
  0.39800000E+02  0.19479760E-26 -0.21404297E-40
  0.39900000E+02  0.19450945E-26 -0.21132476E-40
  0.40000000E+02  0.19421865E-26 -0.21162792E-40
