  0.00000000E+00 -0.77169885E-25  0.52970981E-39
  0.10000000E+00 -0.77149643E-25  0.53335459E-39
  0.20000000E+00 -0.77088983E-25  0.54043333E-39
  0.30000000E+00 -0.76988107E-25  0.52276051E-39
  0.40000000E+00 -0.76847347E-25  0.52423205E-39
  0.50000000E+00 -0.76667162E-25  0.53052966E-39
  0.60000000E+00 -0.76448138E-25  0.52394598E-39
  0.70000000E+00 -0.76190978E-25  0.52070683E-39
  0.80000000E+00 -0.75896499E-25  0.52267736E-39
  0.90000000E+00 -0.75565620E-25  0.50790807E-39
  0.10000000E+01 -0.75199360E-25  0.50578304E-39
  0.11000000E+01 -0.74798826E-25  0.51394621E-39
  0.12000000E+01 -0.74365204E-25  0.50371180E-39
  0.13000000E+01 -0.73899749E-25  0.50558224E-39
  0.14000000E+01 -0.73403777E-25  0.50160096E-39
  0.15000000E+01 -0.72878656E-25  0.49469182E-39
  0.16000000E+01 -0.72325794E-25  0.48475567E-39
  0.17000000E+01 -0.71746629E-25  0.49487328E-39
  0.18000000E+01 -0.71142624E-25  0.48621997E-39
  0.19000000E+01 -0.70515254E-25  0.48016343E-39
  0.20000000E+01 -0.69866000E-25  0.46718680E-39
  0.21000000E+01 -0.69196339E-25  0.46293760E-39
  0.22000000E+01 -0.68507740E-25  0.46056441E-39
  0.23000000E+01 -0.67801656E-25  0.45836974E-39
  0.24000000E+01 -0.67079516E-25  0.44815733E-39
  0.25000000E+01 -0.66342722E-25  0.45407633E-39
  0.26000000E+01 -0.65592644E-25  0.44396915E-39
  0.27000000E+01 -0.64830616E-25  0.43725169E-39
  0.28000000E+01 -0.64057930E-25  0.43588719E-39
  0.29000000E+01 -0.63275837E-25  0.42387374E-39
  0.30000000E+01 -0.62485544E-25  0.42131946E-39
  0.31000000E+01 -0.61688208E-25  0.42778356E-39
  0.32000000E+01 -0.60884939E-25  0.40750947E-39
  0.33000000E+01 -0.60076800E-25  0.40660081E-39
  0.34000000E+01 -0.59264803E-25  0.40082243E-39
  0.35000000E+01 -0.58449908E-25  0.39272447E-39
  0.36000000E+01 -0.57633030E-25  0.39440703E-39
  0.37000000E+01 -0.56815032E-25  0.38043132E-39
  0.38000000E+01 -0.55996731E-25  0.37896599E-39
  0.39000000E+01 -0.55178893E-25  0.37655253E-39
  0.40000000E+01 -0.54362243E-25  0.36832074E-39
  0.41000000E+01 -0.53547459E-25  0.36713606E-39
  0.42000000E+01 -0.52735173E-25  0.35524427E-39
  0.43000000E+01 -0.51925980E-25  0.35113704E-39
  0.44000000E+01 -0.51120431E-25  0.35134313E-39
  0.45000000E+01 -0.50319039E-25  0.34651596E-39
  0.46000000E+01 -0.49522281E-25  0.34080332E-39
  0.47000000E+01 -0.48730598E-25  0.33383397E-39
  0.48000000E+01 -0.47944397E-25  0.33487146E-39
  0.49000000E+01 -0.47164052E-25  0.31863330E-39
  0.50000000E+01 -0.46389907E-25  0.32992778E-39
  0.51000000E+01 -0.45622278E-25  0.31592357E-39
  0.52000000E+01 -0.44861452E-25  0.31311594E-39
  0.53000000E+01 -0.44107689E-25  0.30921430E-39
  0.54000000E+01 -0.43361227E-25  0.30194937E-39
  0.55000000E+01 -0.42622280E-25  0.30247990E-39
  0.56000000E+01 -0.41891038E-25  0.29652489E-39
  0.57000000E+01 -0.41167672E-25  0.29261842E-39
  0.58000000E+01 -0.40452335E-25  0.29034406E-39
  0.59000000E+01 -0.39745159E-25  0.28566788E-39
  0.60000000E+01 -0.39046261E-25  0.28055314E-39
  0.61000000E+01 -0.38355740E-25  0.27525903E-39
  0.62000000E+01 -0.37673681E-25  0.27550355E-39
  0.63000000E+01 -0.37000155E-25  0.27228455E-39
  0.64000000E+01 -0.36335221E-25  0.26863384E-39
  0.65000000E+01 -0.35678922E-25  0.26075084E-39
  0.66000000E+01 -0.35031294E-25  0.25921956E-39
  0.67000000E+01 -0.34392358E-25  0.25405689E-39
  0.68000000E+01 -0.33762129E-25  0.24965711E-39
  0.69000000E+01 -0.33140609E-25  0.25125237E-39
  0.70000000E+01 -0.32527793E-25  0.24433327E-39
  0.71000000E+01 -0.31923669E-25  0.24636256E-39
  0.72000000E+01 -0.31328216E-25  0.23922381E-39
  0.73000000E+01 -0.30741406E-25  0.23974026E-39
  0.74000000E+01 -0.30163205E-25  0.23369434E-39
  0.75000000E+01 -0.29593573E-25  0.23223952E-39
  0.76000000E+01 -0.29032465E-25  0.22981144E-39
  0.77000000E+01 -0.28479829E-25  0.22589212E-39
  0.78000000E+01 -0.27935611E-25  0.22512476E-39
  0.79000000E+01 -0.27399750E-25  0.22066190E-39
  0.80000000E+01 -0.26872184E-25  0.21675421E-39
  0.81000000E+01 -0.26352845E-25  0.21758973E-39
  0.82000000E+01 -0.25841662E-25  0.21263718E-39
  0.83000000E+01 -0.25338561E-25  0.21233345E-39
  0.84000000E+01 -0.24843468E-25  0.20858121E-39
  0.85000000E+01 -0.24356302E-25  0.20572000E-39
  0.86000000E+01 -0.23876983E-25  0.20477243E-39
  0.87000000E+01 -0.23405428E-25  0.20193891E-39
  0.88000000E+01 -0.22941552E-25  0.20101209E-39
  0.89000000E+01 -0.22485268E-25  0.19650455E-39
  0.90000000E+01 -0.22036490E-25  0.19245164E-39
  0.91000000E+01 -0.21595128E-25  0.19253432E-39
  0.92000000E+01 -0.21161093E-25  0.18790640E-39
  0.93000000E+01 -0.20734293E-25  0.18800403E-39
  0.94000000E+01 -0.20314637E-25  0.18597889E-39
  0.95000000E+01 -0.19902033E-25  0.18400109E-39
  0.96000000E+01 -0.19496389E-25  0.18265147E-39
  0.97000000E+01 -0.19097611E-25  0.17920891E-39
  0.98000000E+01 -0.18705608E-25  0.17933749E-39
  0.99000000E+01 -0.18320284E-25  0.17725466E-39
  0.10000000E+02 -0.17941548E-25  0.17160611E-39
  0.10100000E+02 -0.17569306E-25  0.17156290E-39
  0.10200000E+02 -0.17203466E-25  0.16997491E-39
  0.10300000E+02 -0.16843934E-25  0.16994221E-39
  0.10400000E+02 -0.16490618E-25  0.16546966E-39
  0.10500000E+02 -0.16143427E-25  0.16436625E-39
  0.10600000E+02 -0.15802268E-25  0.16263068E-39
  0.10700000E+02 -0.15467052E-25  0.16023363E-39
  0.10800000E+02 -0.15137686E-25  0.16095348E-39
  0.10900000E+02 -0.14814083E-25  0.15800899E-39
  0.11000000E+02 -0.14496151E-25  0.15466183E-39
  0.11100000E+02 -0.14183804E-25  0.15475002E-39
  0.11200000E+02 -0.13876953E-25  0.15064993E-39
  0.11300000E+02 -0.13575512E-25  0.14907637E-39
  0.11400000E+02 -0.13279394E-25  0.15021737E-39
  0.11500000E+02 -0.12988514E-25  0.15009313E-39
  0.11600000E+02 -0.12702787E-25  0.14544717E-39
  0.11700000E+02 -0.12422131E-25  0.14393639E-39
  0.11800000E+02 -0.12146463E-25  0.14267726E-39
  0.11900000E+02 -0.11875701E-25  0.14379884E-39
  0.12000000E+02 -0.11609764E-25  0.13988530E-39
  0.12100000E+02 -0.11348572E-25  0.13903757E-39
  0.12200000E+02 -0.11092048E-25  0.13639692E-39
  0.12300000E+02 -0.10840112E-25  0.13641968E-39
  0.12400000E+02 -0.10592689E-25  0.13584296E-39
  0.12500000E+02 -0.10349703E-25  0.13424710E-39
  0.12600000E+02 -0.10111078E-25  0.13185678E-39
  0.12700000E+02 -0.98767419E-26  0.13127923E-39
  0.12800000E+02 -0.96466207E-26  0.12976076E-39
  0.12900000E+02 -0.94206432E-26  0.12982036E-39
  0.13000000E+02 -0.91987386E-26  0.12855903E-39
  0.13100000E+02 -0.89808373E-26  0.12711303E-39
  0.13200000E+02 -0.87668705E-26  0.12514377E-39
  0.13300000E+02 -0.85567707E-26  0.12369979E-39
  0.13400000E+02 -0.83504711E-26  0.12200496E-39
  0.13500000E+02 -0.81479062E-26  0.12138955E-39
  0.13600000E+02 -0.79490113E-26  0.11974888E-39
  0.13700000E+02 -0.77537227E-26  0.11930587E-39
  0.13800000E+02 -0.75619777E-26  0.11779645E-39
  0.13900000E+02 -0.73737147E-26  0.11710731E-39
  0.14000000E+02 -0.71888730E-26  0.11565604E-39
  0.14100000E+02 -0.70073928E-26  0.11387473E-39
  0.14200000E+02 -0.68292153E-26  0.11493063E-39
  0.14300000E+02 -0.66542827E-26  0.11326170E-39
  0.14400000E+02 -0.64825381E-26  0.11128830E-39
  0.14500000E+02 -0.63139254E-26  0.11036302E-39
  0.14600000E+02 -0.61483897E-26  0.11090504E-39
  0.14700000E+02 -0.59858768E-26  0.10859525E-39
  0.14800000E+02 -0.58263333E-26  0.10742295E-39
  0.14900000E+02 -0.56697070E-26  0.10666195E-39
  0.15000000E+02 -0.55159464E-26  0.10687710E-39
  0.15100000E+02 -0.53650008E-26  0.10533642E-39
  0.15200000E+02 -0.52168205E-26  0.10413769E-39
  0.15300000E+02 -0.50713566E-26  0.10365120E-39
  0.15400000E+02 -0.49285609E-26  0.10224760E-39
  0.15500000E+02 -0.47883862E-26  0.10039094E-39
  0.15600000E+02 -0.46507861E-26  0.10028305E-39
  0.15700000E+02 -0.45157148E-26  0.98294254E-40
  0.15800000E+02 -0.43831276E-26  0.97447240E-40
  0.15900000E+02 -0.42529803E-26  0.98080312E-40
  0.16000000E+02 -0.41252296E-26  0.96385971E-40
  0.16100000E+02 -0.39998329E-26  0.95624988E-40
  0.16200000E+02 -0.38767485E-26  0.95313978E-40
  0.16300000E+02 -0.37559351E-26  0.94895191E-40
  0.16400000E+02 -0.36373525E-26  0.94433895E-40
  0.16500000E+02 -0.35209609E-26  0.92074155E-40
  0.16600000E+02 -0.34067215E-26  0.91485949E-40
  0.16700000E+02 -0.32945958E-26  0.91075894E-40
  0.16800000E+02 -0.31845463E-26  0.89938846E-40
  0.16900000E+02 -0.30765361E-26  0.88865272E-40
  0.17000000E+02 -0.29705288E-26  0.89237741E-40
  0.17100000E+02 -0.28664888E-26  0.87765415E-40
  0.17200000E+02 -0.27643811E-26  0.87596754E-40
  0.17300000E+02 -0.26641714E-26  0.85741498E-40
  0.17400000E+02 -0.25658258E-26  0.86317773E-40
  0.17500000E+02 -0.24693111E-26  0.85409604E-40
  0.17600000E+02 -0.23745948E-26  0.84127796E-40
  0.17700000E+02 -0.22816448E-26  0.84630505E-40
  0.17800000E+02 -0.21904298E-26  0.82897205E-40
  0.17900000E+02 -0.21009188E-26  0.81886118E-40
  0.18000000E+02 -0.20130816E-26  0.81256503E-40
  0.18100000E+02 -0.19268883E-26  0.81027259E-40
  0.18200000E+02 -0.18423098E-26  0.80218625E-40
  0.18300000E+02 -0.17593172E-26  0.78600898E-40
  0.18400000E+02 -0.16778825E-26  0.78535657E-40
  0.18500000E+02 -0.15979778E-26  0.77513489E-40
  0.18600000E+02 -0.15195761E-26  0.77722373E-40
  0.18700000E+02 -0.14426505E-26  0.77041974E-40
  0.18800000E+02 -0.13671748E-26  0.75945701E-40
  0.18900000E+02 -0.12931234E-26  0.76404054E-40
  0.19000000E+02 -0.12204708E-26  0.75734189E-40
  0.19100000E+02 -0.11491923E-26  0.75213654E-40
  0.19200000E+02 -0.10792634E-26  0.74120189E-40
  0.19300000E+02 -0.10106602E-26  0.73741184E-40
  0.19400000E+02 -0.94335917E-27  0.72658606E-40
  0.19500000E+02 -0.87733715E-27  0.72328466E-40
  0.19600000E+02 -0.81257147E-27  0.71711939E-40
  0.19700000E+02 -0.74903986E-27  0.71409829E-40
  0.19800000E+02 -0.68672041E-27  0.70936551E-40
  0.19900000E+02 -0.62559165E-27  0.69351620E-40
  0.20000000E+02 -0.56563247E-27  0.69302762E-40
  0.20100000E+02 -0.50682214E-27  0.67810738E-40
  0.20200000E+02 -0.44914030E-27  0.69342448E-40
  0.20300000E+02 -0.39256696E-27  0.67337404E-40
  0.20400000E+02 -0.33708249E-27  0.67990902E-40
  0.20500000E+02 -0.28266762E-27  0.67014988E-40
  0.20600000E+02 -0.22930341E-27  0.66469221E-40
  0.20700000E+02 -0.17697127E-27  0.65627853E-40
  0.20800000E+02 -0.12565293E-27  0.65362983E-40
  0.20900000E+02 -0.75330464E-28  0.65095248E-40
  0.21000000E+02 -0.25986261E-28  0.65153313E-40
  0.21100000E+02  0.22396978E-28  0.63628332E-40
  0.21200000E+02  0.69836240E-28  0.64334818E-40
  0.21300000E+02  0.11634821E-27  0.63210741E-40
  0.21400000E+02  0.16194926E-27  0.62488436E-40
  0.21500000E+02  0.20665550E-27  0.61212040E-40
  0.21600000E+02  0.25048272E-27  0.60966722E-40
  0.21700000E+02  0.29344646E-27  0.60965018E-40
  0.21800000E+02  0.33556194E-27  0.61052006E-40
  0.21900000E+02  0.37684414E-27  0.59912600E-40
  0.22000000E+02  0.41730778E-27  0.59660243E-40
  0.22100000E+02  0.45696728E-27  0.58842894E-40
  0.22200000E+02  0.49583685E-27  0.59702911E-40
  0.22300000E+02  0.53393040E-27  0.58410783E-40
  0.22400000E+02  0.57126163E-27  0.57812167E-40
  0.22500000E+02  0.60784397E-27  0.57444294E-40
  0.22600000E+02  0.64369063E-27  0.57328946E-40
  0.22700000E+02  0.67881458E-27  0.56806548E-40
  0.22800000E+02  0.71322854E-27  0.56456902E-40
  0.22900000E+02  0.74694504E-27  0.56215481E-40
  0.23000000E+02  0.77997635E-27  0.56018594E-40
  0.23100000E+02  0.81233455E-27  0.55283934E-40
  0.23200000E+02  0.84403150E-27  0.55162711E-40
  0.23300000E+02  0.87507884E-27  0.54147401E-40
  0.23400000E+02  0.90548801E-27  0.54245976E-40
  0.23500000E+02  0.93527024E-27  0.54028948E-40
  0.23600000E+02  0.96443658E-27  0.53266715E-40
  0.23700000E+02  0.99299787E-27  0.52900367E-40
  0.23800000E+02  0.10209648E-26  0.52783091E-40
  0.23900000E+02  0.10483477E-26  0.52552019E-40
  0.24000000E+02  0.10751570E-26  0.51965993E-40
  0.24100000E+02  0.11014027E-26  0.51646979E-40
  0.24200000E+02  0.11270948E-26  0.50997198E-40
  0.24300000E+02  0.11522429E-26  0.51512595E-40
  0.24400000E+02  0.11768568E-26  0.51032170E-40
  0.24500000E+02  0.12009457E-26  0.50230913E-40
  0.24600000E+02  0.12245189E-26  0.49778653E-40
  0.24700000E+02  0.12475855E-26  0.49702172E-40
  0.24800000E+02  0.12701544E-26  0.49427374E-40
  0.24900000E+02  0.12922343E-26  0.49053195E-40
  0.25000000E+02  0.13138339E-26  0.48812562E-40
  0.25100000E+02  0.13349616E-26  0.48352121E-40
  0.25200000E+02  0.13556258E-26  0.47848931E-40
  0.25300000E+02  0.13758345E-26  0.47347404E-40
  0.25400000E+02  0.13955958E-26  0.47363300E-40
  0.25500000E+02  0.14149176E-26  0.47147803E-40
  0.25600000E+02  0.14338076E-26  0.46634487E-40
  0.25700000E+02  0.14522735E-26  0.46716559E-40
  0.25800000E+02  0.14703226E-26  0.46404667E-40
  0.25900000E+02  0.14879623E-26  0.46340442E-40
  0.26000000E+02  0.15051999E-26  0.45385433E-40
  0.26100000E+02  0.15220423E-26  0.45439862E-40
  0.26200000E+02  0.15384967E-26  0.44529813E-40
  0.26300000E+02  0.15545698E-26  0.44236511E-40
  0.26400000E+02  0.15702683E-26  0.44500023E-40
  0.26500000E+02  0.15855989E-26  0.44297670E-40
  0.26600000E+02  0.16005680E-26  0.43790618E-40
  0.26700000E+02  0.16151820E-26  0.43274826E-40
  0.26800000E+02  0.16294472E-26  0.43287761E-40
  0.26900000E+02  0.16433697E-26  0.42619916E-40
  0.27000000E+02  0.16569556E-26  0.42403821E-40
  0.27100000E+02  0.16702109E-26  0.42059741E-40
  0.27200000E+02  0.16831413E-26  0.41509261E-40
  0.27300000E+02  0.16957525E-26  0.41945507E-40
  0.27400000E+02  0.17080504E-26  0.41672672E-40
  0.27500000E+02  0.17200403E-26  0.41206916E-40
  0.27600000E+02  0.17317278E-26  0.40827133E-40
  0.27700000E+02  0.17431181E-26  0.40840112E-40
  0.27800000E+02  0.17542166E-26  0.40782096E-40
  0.27900000E+02  0.17650284E-26  0.40226185E-40
  0.28000000E+02  0.17755585E-26  0.40073236E-40
  0.28100000E+02  0.17858121E-26  0.39845753E-40
  0.28200000E+02  0.17957939E-26  0.39355370E-40
  0.28300000E+02  0.18055089E-26  0.39183913E-40
  0.28400000E+02  0.18149617E-26  0.39240938E-40
  0.28500000E+02  0.18241569E-26  0.38683563E-40
  0.28600000E+02  0.18330993E-26  0.38394342E-40
  0.28700000E+02  0.18417932E-26  0.38507400E-40
  0.28800000E+02  0.18502431E-26  0.38323892E-40
  0.28900000E+02  0.18584533E-26  0.38271187E-40
  0.29000000E+02  0.18664282E-26  0.37767386E-40
  0.29100000E+02  0.18741718E-26  0.37759208E-40
  0.29200000E+02  0.18816883E-26  0.37301195E-40
  0.29300000E+02  0.18889818E-26  0.37070025E-40
  0.29400000E+02  0.18960563E-26  0.36759559E-40
  0.29500000E+02  0.19029156E-26  0.36508989E-40
  0.29600000E+02  0.19095636E-26  0.36337074E-40
  0.29700000E+02  0.19160040E-26  0.36032060E-40
  0.29800000E+02  0.19222407E-26  0.35946398E-40
  0.29900000E+02  0.19282773E-26  0.35572764E-40
  0.30000000E+02  0.19341173E-26  0.35577200E-40
  0.30100000E+02  0.19397642E-26  0.34939395E-40
  0.30200000E+02  0.19452216E-26  0.35424350E-40
  0.30300000E+02  0.19504928E-26  0.34901757E-40
  0.30400000E+02  0.19555813E-26  0.34615111E-40
  0.30500000E+02  0.19604902E-26  0.34578164E-40
  0.30600000E+02  0.19652228E-26  0.34067168E-40
  0.30700000E+02  0.19697824E-26  0.34148203E-40
  0.30800000E+02  0.19741719E-26  0.33937215E-40
  0.30900000E+02  0.19783946E-26  0.33544384E-40
  0.31000000E+02  0.19824534E-26  0.33582243E-40
  0.31100000E+02  0.19863513E-26  0.33571045E-40
  0.31200000E+02  0.19900912E-26  0.33079694E-40
  0.31300000E+02  0.19936760E-26  0.32687816E-40
  0.31400000E+02  0.19971085E-26  0.33087947E-40
  0.31500000E+02  0.20003914E-26  0.32667549E-40
  0.31600000E+02  0.20035276E-26  0.32161597E-40
  0.31700000E+02  0.20065196E-26  0.32359127E-40
  0.31800000E+02  0.20093701E-26  0.31770598E-40
  0.31900000E+02  0.20120817E-26  0.31769404E-40
  0.32000000E+02  0.20146570E-26  0.31784907E-40
  0.32100000E+02  0.20170984E-26  0.31762657E-40
  0.32200000E+02  0.20194084E-26  0.31059282E-40
  0.32300000E+02  0.20215894E-26  0.31265719E-40
  0.32400000E+02  0.20236438E-26  0.30887227E-40
  0.32500000E+02  0.20255739E-26  0.30830042E-40
  0.32600000E+02  0.20273821E-26  0.30812700E-40
  0.32700000E+02  0.20290705E-26  0.30759424E-40
  0.32800000E+02  0.20306414E-26  0.30281673E-40
  0.32900000E+02  0.20320969E-26  0.30200101E-40
  0.33000000E+02  0.20334393E-26  0.30314438E-40
  0.33100000E+02  0.20346706E-26  0.30090369E-40
  0.33200000E+02  0.20357930E-26  0.29656590E-40
  0.33300000E+02  0.20368083E-26  0.29253693E-40
  0.33400000E+02  0.20377187E-26  0.29306576E-40
  0.33500000E+02  0.20385260E-26  0.29386201E-40
  0.33600000E+02  0.20392323E-26  0.28802032E-40
  0.33700000E+02  0.20398395E-26  0.28949173E-40
  0.33800000E+02  0.20403493E-26  0.28652995E-40
  0.33900000E+02  0.20407637E-26  0.28825805E-40
  0.34000000E+02  0.20410844E-26  0.28417549E-40
  0.34100000E+02  0.20413132E-26  0.28417764E-40
  0.34200000E+02  0.20414520E-26  0.28094974E-40
  0.34300000E+02  0.20415023E-26  0.28095260E-40
  0.34400000E+02  0.20414659E-26  0.27643426E-40
  0.34500000E+02  0.20413444E-26  0.27789827E-40
  0.34600000E+02  0.20411395E-26  0.27516535E-40
  0.34700000E+02  0.20408527E-26  0.27355796E-40
  0.34800000E+02  0.20404857E-26  0.27202718E-40
  0.34900000E+02  0.20400400E-26  0.27384218E-40
  0.35000000E+02  0.20395171E-26  0.27097351E-40
  0.35100000E+02  0.20389185E-26  0.27053506E-40
  0.35200000E+02  0.20382457E-26  0.26659307E-40
  0.35300000E+02  0.20375001E-26  0.26648226E-40
  0.35400000E+02  0.20366832E-26  0.26216745E-40
  0.35500000E+02  0.20357964E-26  0.26259151E-40
  0.35600000E+02  0.20348410E-26  0.26071758E-40
  0.35700000E+02  0.20338183E-26  0.25863847E-40
  0.35800000E+02  0.20327298E-26  0.25995175E-40
  0.35900000E+02  0.20315767E-26  0.25803527E-40
  0.36000000E+02  0.20303603E-26  0.25687590E-40
  0.36100000E+02  0.20290818E-26  0.25363778E-40
  0.36200000E+02  0.20277426E-26  0.25487567E-40
  0.36300000E+02  0.20263438E-26  0.25575945E-40
  0.36400000E+02  0.20248866E-26  0.24901085E-40
  0.36500000E+02  0.20233722E-26  0.24990124E-40
  0.36600000E+02  0.20218018E-26  0.24850407E-40
  0.36700000E+02  0.20201765E-26  0.24666056E-40
  0.36800000E+02  0.20184975E-26  0.24674901E-40
  0.36900000E+02  0.20167657E-26  0.24645230E-40
  0.37000000E+02  0.20149824E-26  0.24460321E-40
  0.37100000E+02  0.20131486E-26  0.24223449E-40
  0.37200000E+02  0.20112652E-26  0.24087282E-40
  0.37300000E+02  0.20093335E-26  0.24043006E-40
  0.37400000E+02  0.20073543E-26  0.23728115E-40
  0.37500000E+02  0.20053286E-26  0.23619969E-40
  0.37600000E+02  0.20032575E-26  0.23721101E-40
  0.37700000E+02  0.20011419E-26  0.23534403E-40
  0.37800000E+02  0.19989828E-26  0.23596512E-40
  0.37900000E+02  0.19967810E-26  0.23163478E-40
  0.38000000E+02  0.19945375E-26  0.23022030E-40
  0.38100000E+02  0.19922532E-26  0.23202172E-40
  0.38200000E+02  0.19899290E-26  0.23180387E-40
  0.38300000E+02  0.19875657E-26  0.22971129E-40
  0.38400000E+02  0.19851642E-26  0.22743806E-40
  0.38500000E+02  0.19827253E-26  0.22697946E-40
  0.38600000E+02  0.19802499E-26  0.22530516E-40
  0.38700000E+02  0.19777388E-26  0.22718783E-40
  0.38800000E+02  0.19751927E-26  0.22681895E-40
  0.38900000E+02  0.19726124E-26  0.22299939E-40
  0.39000000E+02  0.19699988E-26  0.21942127E-40
  0.39100000E+02  0.19673525E-26  0.22145770E-40
  0.39200000E+02  0.19646744E-26  0.21891034E-40
  0.39300000E+02  0.19619651E-26  0.21794646E-40
  0.39400000E+02  0.19592253E-26  0.21841357E-40
  0.39500000E+02  0.19564559E-26  0.21614534E-40
  0.39600000E+02  0.19536574E-26  0.21358686E-40
  0.39700000E+02  0.19508305E-26  0.21587544E-40
  0.39800000E+02  0.19479760E-26  0.21336503E-40
  0.39900000E+02  0.19450945E-26  0.21343711E-40
  0.40000000E+02  0.19421865E-26  0.21022212E-40
