  0.00000000E+00  0.10887468E-20 -0.11346859E-40
  0.10000000E+00  0.10884363E-20 -0.18196372E-40
  0.20000000E+00  0.10875060E-20  0.40710934E-40
  0.30000000E+00  0.10859594E-20 -0.63478348E-40
  0.40000000E+00  0.10838023E-20  0.13941312E-40
  0.50000000E+00  0.10810427E-20 -0.11826059E-40
  0.60000000E+00  0.10776909E-20 -0.30283054E-41
  0.70000000E+00  0.10737592E-20  0.76981349E-40
  0.80000000E+00  0.10692618E-20  0.18694134E-40
  0.90000000E+00  0.10642148E-20  0.26933188E-40
  0.10000000E+01  0.10586358E-20 -0.48938931E-40
  0.11000000E+01  0.10525442E-20 -0.26162456E-40
  0.12000000E+01  0.10459604E-20 -0.28738300E-40
  0.13000000E+01  0.10389063E-20 -0.92163209E-41
  0.14000000E+01  0.10314045E-20 -0.16426203E-40
  0.15000000E+01  0.10234787E-20  0.45745654E-40
  0.16000000E+01  0.10151530E-20  0.24149789E-40
  0.17000000E+01  0.10064520E-20 -0.20476348E-42
  0.18000000E+01  0.99740088E-21  0.11127138E-40
  0.19000000E+01  0.98802460E-21  0.13672184E-40
  0.20000000E+01  0.97834833E-21  0.99576595E-42
  0.21000000E+01  0.96839704E-21  0.28478183E-40
  0.22000000E+01  0.95819545E-21 -0.27804568E-40
  0.23000000E+01  0.94776787E-21  0.58538730E-40
  0.24000000E+01  0.93713814E-21  0.12197699E-40
  0.25000000E+01  0.92632949E-21 -0.94301311E-41
  0.26000000E+01  0.91536450E-21 -0.63121768E-41
  0.27000000E+01  0.90426500E-21 -0.48486862E-41
  0.28000000E+01  0.89305203E-21  0.17856046E-40
  0.29000000E+01  0.88174579E-21  0.20081765E-40
  0.30000000E+01  0.87036559E-21  0.23333096E-40
  0.31000000E+01  0.85892983E-21 -0.52687867E-41
  0.32000000E+01  0.84745599E-21 -0.31725516E-40
  0.33000000E+01  0.83596061E-21  0.68943861E-41
  0.34000000E+01  0.82445928E-21  0.22186804E-40
  0.35000000E+01  0.81296667E-21  0.29961901E-40
  0.36000000E+01  0.80149650E-21  0.13219151E-40
  0.37000000E+01  0.79006160E-21 -0.81759450E-41
  0.38000000E+01  0.77867388E-21 -0.23448267E-40
  0.39000000E+01  0.76734440E-21 -0.29303420E-40
  0.40000000E+01  0.75608336E-21 -0.31630584E-40
  0.41000000E+01  0.74490014E-21  0.16231657E-40
  0.42000000E+01  0.73380335E-21  0.76963314E-41
  0.43000000E+01  0.72280083E-21 -0.12400691E-40
  0.44000000E+01  0.71189970E-21  0.46932081E-41
  0.45000000E+01  0.70110639E-21 -0.13261206E-41
  0.46000000E+01  0.69042669E-21 -0.16373975E-40
  0.47000000E+01  0.67986576E-21 -0.28613200E-41
  0.48000000E+01  0.66942817E-21  0.64312161E-41
  0.49000000E+01  0.65911795E-21  0.12174146E-40
  0.50000000E+01  0.64893860E-21  0.12398620E-40
  0.51000000E+01  0.63889313E-21 -0.85729951E-42
  0.52000000E+01  0.62898411E-21  0.11212592E-40
  0.53000000E+01  0.61921369E-21 -0.92392126E-41
  0.54000000E+01  0.60958360E-21  0.55246236E-41
  0.55000000E+01  0.60009522E-21  0.58756781E-41
  0.56000000E+01  0.59074958E-21 -0.27983527E-40
  0.57000000E+01  0.58154741E-21  0.18532301E-40
  0.58000000E+01  0.57248914E-21 -0.86436366E-42
  0.59000000E+01  0.56357492E-21 -0.19859041E-41
  0.60000000E+01  0.55480469E-21  0.39997402E-41
  0.61000000E+01  0.54617813E-21 -0.64634449E-41
  0.62000000E+01  0.53769474E-21  0.43243951E-41
  0.63000000E+01  0.52935382E-21  0.95734189E-41
  0.64000000E+01  0.52115451E-21  0.65280655E-41
  0.65000000E+01  0.51309578E-21 -0.79891597E-41
  0.66000000E+01  0.50517649E-21 -0.14307392E-40
  0.67000000E+01  0.49739535E-21 -0.65905790E-41
  0.68000000E+01  0.48975098E-21  0.57904800E-41
  0.69000000E+01  0.48224190E-21 -0.10626305E-40
  0.70000000E+01  0.47486653E-21 -0.30238428E-42
  0.71000000E+01  0.46762323E-21  0.12955233E-40
  0.72000000E+01  0.46051027E-21 -0.66911208E-41
  0.73000000E+01  0.45352590E-21  0.25543266E-41
  0.74000000E+01  0.44666829E-21  0.23461864E-41
  0.75000000E+01  0.43993559E-21 -0.82091118E-42
  0.76000000E+01  0.43332590E-21  0.62988434E-41
  0.77000000E+01  0.42683729E-21  0.42918273E-42
  0.78000000E+01  0.42046784E-21  0.73047959E-41
  0.79000000E+01  0.41421559E-21  0.48454131E-41
  0.80000000E+01  0.40807856E-21 -0.36906700E-41
  0.81000000E+01  0.40205478E-21 -0.90514900E-41
  0.82000000E+01  0.39614228E-21  0.45457531E-41
  0.83000000E+01  0.39033908E-21  0.58083836E-41
  0.84000000E+01  0.38464323E-21 -0.69257523E-41
  0.85000000E+01  0.37905275E-21 -0.38110328E-41
  0.86000000E+01  0.37356569E-21 -0.11625921E-40
  0.87000000E+01  0.36818013E-21 -0.13890516E-40
  0.88000000E+01  0.36289415E-21 -0.20650840E-42
  0.89000000E+01  0.35770584E-21  0.15095148E-41
  0.90000000E+01  0.35261331E-21  0.38353789E-41
  0.91000000E+01  0.34761472E-21  0.21765498E-41
  0.92000000E+01  0.34270822E-21 -0.14323127E-40
  0.93000000E+01  0.33789200E-21  0.53924515E-41
  0.94000000E+01  0.33316427E-21  0.38457288E-41
  0.95000000E+01  0.32852326E-21  0.46457297E-41
  0.96000000E+01  0.32396724E-21 -0.31196912E-41
  0.97000000E+01  0.31949449E-21 -0.71660059E-41
  0.98000000E+01  0.31510333E-21 -0.18135257E-41
  0.99000000E+01  0.31079212E-21  0.91473999E-41
  0.10000000E+02  0.30655921E-21 -0.51972434E-41
  0.10100000E+02  0.30240301E-21  0.39574612E-41
  0.10200000E+02  0.29832196E-21  0.25315857E-41
  0.10300000E+02  0.29431450E-21 -0.49804257E-41
  0.10400000E+02  0.29037913E-21 -0.38582336E-41
  0.10500000E+02  0.28651437E-21 -0.35637187E-41
  0.10600000E+02  0.28271875E-21 -0.85522773E-41
  0.10700000E+02  0.27899086E-21  0.65965866E-41
  0.10800000E+02  0.27532928E-21  0.14659252E-40
  0.10900000E+02  0.27173266E-21  0.92541569E-42
  0.11000000E+02  0.26819964E-21  0.33705331E-41
  0.11100000E+02  0.26472892E-21 -0.16963078E-41
  0.11200000E+02  0.26131920E-21 -0.10730813E-40
  0.11300000E+02  0.25796922E-21 -0.55360236E-41
  0.11400000E+02  0.25467775E-21 -0.12537389E-41
  0.11500000E+02  0.25144358E-21  0.14673072E-41
  0.11600000E+02  0.24826552E-21 -0.12549933E-42
  0.11700000E+02  0.24514242E-21  0.22813236E-41
  0.11800000E+02  0.24207315E-21 -0.63925442E-41
  0.11900000E+02  0.23905659E-21 -0.73025985E-41
  0.12000000E+02  0.23609166E-21 -0.96192744E-41
  0.12100000E+02  0.23317730E-21 -0.13115982E-41
  0.12200000E+02  0.23031247E-21  0.21517482E-41
  0.12300000E+02  0.22749616E-21 -0.25752831E-41
  0.12400000E+02  0.22472738E-21 -0.10177515E-40
  0.12500000E+02  0.22200515E-21 -0.42175158E-41
  0.12600000E+02  0.21932853E-21 -0.23452378E-41
  0.12700000E+02  0.21669659E-21  0.35169555E-41
  0.12800000E+02  0.21410842E-21  0.13978793E-41
  0.12900000E+02  0.21156314E-21 -0.97567619E-42
  0.13000000E+02  0.20905988E-21 -0.18257541E-41
  0.13100000E+02  0.20659778E-21  0.32139616E-41
  0.13200000E+02  0.20417603E-21 -0.43462232E-41
  0.13300000E+02  0.20179381E-21  0.32561581E-41
  0.13400000E+02  0.19945033E-21  0.19469733E-41
  0.13500000E+02  0.19714482E-21 -0.25283143E-42
  0.13600000E+02  0.19487651E-21  0.83195453E-42
  0.13700000E+02  0.19264468E-21 -0.93058462E-42
  0.13800000E+02  0.19044859E-21  0.41610760E-42
  0.13900000E+02  0.18828754E-21  0.32345684E-41
  0.14000000E+02  0.18616084E-21  0.56487228E-41
  0.14100000E+02  0.18406780E-21  0.42278072E-41
  0.14200000E+02  0.18200778E-21  0.16806390E-41
  0.14300000E+02  0.17998013E-21  0.36158740E-41
  0.14400000E+02  0.17798421E-21 -0.18502406E-41
  0.14500000E+02  0.17601940E-21 -0.23505748E-42
  0.14600000E+02  0.17408511E-21  0.28307835E-41
  0.14700000E+02  0.17218074E-21 -0.12148248E-41
  0.14800000E+02  0.17030571E-21 -0.27670341E-41
  0.14900000E+02  0.16845947E-21  0.34173978E-41
  0.15000000E+02  0.16664146E-21  0.13823848E-41
  0.15100000E+02  0.16485113E-21 -0.10709301E-41
  0.15200000E+02  0.16308797E-21  0.21350762E-41
  0.15300000E+02  0.16135146E-21 -0.82765238E-42
  0.15400000E+02  0.15964108E-21 -0.28319278E-41
  0.15500000E+02  0.15795636E-21  0.14076890E-41
  0.15600000E+02  0.15629680E-21 -0.61622309E-41
  0.15700000E+02  0.15466193E-21  0.21228737E-41
  0.15800000E+02  0.15305130E-21  0.39109460E-42
  0.15900000E+02  0.15146445E-21 -0.10079374E-41
  0.16000000E+02  0.14990093E-21 -0.35521477E-41
  0.16100000E+02  0.14836032E-21  0.70988849E-42
  0.16200000E+02  0.14684219E-21  0.33649901E-41
  0.16300000E+02  0.14534614E-21  0.16387270E-42
  0.16400000E+02  0.14387175E-21 -0.72893407E-42
  0.16500000E+02  0.14241862E-21  0.32360320E-42
  0.16600000E+02  0.14098638E-21 -0.29597786E-42
  0.16700000E+02  0.13957464E-21  0.54631584E-41
  0.16800000E+02  0.13818303E-21 -0.51768103E-42
  0.16900000E+02  0.13681119E-21  0.26396290E-41
  0.17000000E+02  0.13545876E-21  0.64123331E-41
  0.17100000E+02  0.13412539E-21 -0.25939073E-41
  0.17200000E+02  0.13281075E-21 -0.55477874E-41
  0.17300000E+02  0.13151450E-21  0.54670027E-41
  0.17400000E+02  0.13023631E-21 -0.14676301E-41
  0.17500000E+02  0.12897586E-21 -0.23396536E-41
  0.17600000E+02  0.12773285E-21 -0.40088823E-42
  0.17700000E+02  0.12650696E-21 -0.28512285E-42
  0.17800000E+02  0.12529789E-21 -0.13362860E-41
  0.17900000E+02  0.12410536E-21  0.40040543E-41
  0.18000000E+02  0.12292907E-21 -0.26534360E-42
  0.18100000E+02  0.12176875E-21 -0.11742058E-42
  0.18200000E+02  0.12062411E-21  0.30504573E-41
  0.18300000E+02  0.11949488E-21 -0.64740602E-42
  0.18400000E+02  0.11838081E-21 -0.18571358E-41
  0.18500000E+02  0.11728163E-21 -0.18981668E-41
  0.18600000E+02  0.11619709E-21  0.12109727E-41
  0.18700000E+02  0.11512693E-21 -0.16778359E-41
  0.18800000E+02  0.11407093E-21 -0.51540597E-42
  0.18900000E+02  0.11302883E-21 -0.39152063E-42
  0.19000000E+02  0.11200040E-21 -0.13645092E-42
  0.19100000E+02  0.11098542E-21 -0.25259131E-41
  0.19200000E+02  0.10998366E-21 -0.93527105E-42
  0.19300000E+02  0.10899489E-21  0.30078143E-41
  0.19400000E+02  0.10801891E-21  0.33295422E-42
  0.19500000E+02  0.10705550E-21 -0.16082418E-41
  0.19600000E+02  0.10610446E-21 -0.13664509E-41
  0.19700000E+02  0.10516557E-21  0.14037498E-41
  0.19800000E+02  0.10423865E-21 -0.10937705E-41
  0.19900000E+02  0.10332350E-21  0.20432272E-41
  0.20000000E+02  0.10241992E-21  0.23424944E-42
  0.20100000E+02  0.10152773E-21 -0.31581424E-41
  0.20200000E+02  0.10064674E-21 -0.33134929E-42
  0.20300000E+02  0.99776774E-22 -0.14232700E-41
  0.20400000E+02  0.98917655E-22 -0.12164421E-41
  0.20500000E+02  0.98069208E-22 -0.99851037E-43
  0.20600000E+02  0.97231264E-22 -0.34339769E-42
  0.20700000E+02  0.96403654E-22  0.29614987E-41
  0.20800000E+02  0.95586216E-22 -0.77254504E-42
  0.20900000E+02  0.94778788E-22  0.13252919E-41
  0.21000000E+02  0.93981214E-22 -0.54414591E-44
  0.21100000E+02  0.93193338E-22  0.32636220E-43
  0.21200000E+02  0.92415009E-22  0.18428646E-42
  0.21300000E+02  0.91646078E-22  0.19371433E-41
  0.21400000E+02  0.90886398E-22  0.85101732E-43
  0.21500000E+02  0.90135828E-22 -0.43733809E-42
  0.21600000E+02  0.89394225E-22 -0.26039881E-41
  0.21700000E+02  0.88661452E-22 -0.30317238E-42
  0.21800000E+02  0.87937374E-22 -0.66884699E-42
  0.21900000E+02  0.87221858E-22  0.18609045E-41
  0.22000000E+02  0.86514772E-22 -0.19910344E-41
  0.22100000E+02  0.85815990E-22  0.88125313E-42
  0.22200000E+02  0.85125385E-22 -0.31109824E-43
  0.22300000E+02  0.84442834E-22 -0.25273279E-42
  0.22400000E+02  0.83768215E-22  0.10387032E-42
  0.22500000E+02  0.83101411E-22 -0.44824145E-41
  0.22600000E+02  0.82442303E-22  0.76031016E-42
  0.22700000E+02  0.81790778E-22 -0.68432041E-42
  0.22800000E+02  0.81146722E-22  0.13805213E-41
  0.22900000E+02  0.80510026E-22 -0.15090790E-42
  0.23000000E+02  0.79880580E-22 -0.12585428E-42
  0.23100000E+02  0.79258277E-22  0.75817730E-42
  0.23200000E+02  0.78643014E-22  0.51684618E-42
  0.23300000E+02  0.78034687E-22 -0.92661713E-42
  0.23400000E+02  0.77433195E-22  0.18261543E-41
  0.23500000E+02  0.76838439E-22  0.55886214E-42
  0.23600000E+02  0.76250320E-22 -0.30637634E-41
  0.23700000E+02  0.75668745E-22 -0.35570629E-42
  0.23800000E+02  0.75093617E-22 -0.32755039E-42
  0.23900000E+02  0.74524845E-22 -0.58378826E-43
  0.24000000E+02  0.73962338E-22  0.13946165E-41
  0.24100000E+02  0.73406006E-22  0.12457045E-41
  0.24200000E+02  0.72855761E-22  0.17287140E-41
  0.24300000E+02  0.72311519E-22  0.86694839E-42
  0.24400000E+02  0.71773192E-22 -0.62890052E-43
  0.24500000E+02  0.71240700E-22  0.25659707E-42
  0.24600000E+02  0.70713958E-22  0.33008184E-41
  0.24700000E+02  0.70192887E-22  0.52945024E-42
  0.24800000E+02  0.69677409E-22 -0.22460076E-41
  0.24900000E+02  0.69167444E-22  0.73837953E-42
  0.25000000E+02  0.68662916E-22 -0.20692437E-41
  0.25100000E+02  0.68163751E-22  0.16620804E-42
  0.25200000E+02  0.67669874E-22 -0.47961217E-42
  0.25300000E+02  0.67181213E-22 -0.15427514E-41
  0.25400000E+02  0.66697697E-22 -0.34280119E-42
  0.25500000E+02  0.66219254E-22  0.17707170E-41
  0.25600000E+02  0.65745816E-22 -0.64178940E-42
  0.25700000E+02  0.65277315E-22  0.51005585E-42
  0.25800000E+02  0.64813684E-22 -0.13896305E-44
  0.25900000E+02  0.64354858E-22  0.84810284E-42
  0.26000000E+02  0.63900771E-22 -0.52161097E-42
  0.26100000E+02  0.63451360E-22  0.55717498E-42
  0.26200000E+02  0.63006563E-22  0.46883606E-42
  0.26300000E+02  0.62566318E-22 -0.83052124E-42
  0.26400000E+02  0.62130564E-22 -0.15058775E-42
  0.26500000E+02  0.61699243E-22 -0.68957035E-42
  0.26600000E+02  0.61272294E-22 -0.87287633E-42
  0.26700000E+02  0.60849662E-22  0.23271377E-41
  0.26800000E+02  0.60431288E-22 -0.35714451E-42
  0.26900000E+02  0.60017118E-22 -0.10012849E-41
  0.27000000E+02  0.59607096E-22 -0.37718570E-42
  0.27100000E+02  0.59201168E-22 -0.71021597E-42
  0.27200000E+02  0.58799281E-22 -0.37300767E-42
  0.27300000E+02  0.58401383E-22  0.15357606E-41
  0.27400000E+02  0.58007422E-22 -0.31641722E-42
  0.27500000E+02  0.57617347E-22 -0.29305049E-42
  0.27600000E+02  0.57231109E-22 -0.12862159E-41
  0.27700000E+02  0.56848659E-22  0.92145237E-42
  0.27800000E+02  0.56469948E-22  0.99606821E-42
  0.27900000E+02  0.56094928E-22 -0.13868516E-42
  0.28000000E+02  0.55723553E-22 -0.51143100E-42
  0.28100000E+02  0.55355776E-22 -0.43254053E-42
  0.28200000E+02  0.54991553E-22  0.20467780E-42
  0.28300000E+02  0.54630838E-22 -0.81437147E-42
  0.28400000E+02  0.54273587E-22 -0.53344151E-42
  0.28500000E+02  0.53919758E-22 -0.33597334E-42
  0.28600000E+02  0.53569306E-22  0.92838796E-42
  0.28700000E+02  0.53222191E-22  0.20125555E-42
  0.28800000E+02  0.52878371E-22 -0.15110091E-42
  0.28900000E+02  0.52537805E-22 -0.20743277E-41
  0.29000000E+02  0.52200453E-22  0.14482304E-41
  0.29100000E+02  0.51866276E-22  0.27470981E-42
  0.29200000E+02  0.51535234E-22  0.55593659E-42
  0.29300000E+02  0.51207289E-22 -0.18596740E-42
  0.29400000E+02  0.50882403E-22 -0.32472672E-42
  0.29500000E+02  0.50560539E-22  0.80710534E-42
  0.29600000E+02  0.50241661E-22 -0.86856007E-42
  0.29700000E+02  0.49925732E-22  0.83975126E-42
  0.29800000E+02  0.49612717E-22 -0.49401043E-42
  0.29900000E+02  0.49302580E-22  0.87995018E-42
  0.30000000E+02  0.48995287E-22 -0.20573550E-42
  0.30100000E+02  0.48690805E-22 -0.51247779E-42
  0.30200000E+02  0.48389098E-22  0.19548552E-42
  0.30300000E+02  0.48090136E-22  0.32276496E-42
  0.30400000E+02  0.47793884E-22  0.39635139E-42
  0.30500000E+02  0.47500310E-22 -0.10138708E-41
  0.30600000E+02  0.47209384E-22  0.59910755E-42
  0.30700000E+02  0.46921074E-22 -0.12161195E-41
  0.30800000E+02  0.46635349E-22 -0.24327719E-42
  0.30900000E+02  0.46352179E-22 -0.13985769E-41
  0.31000000E+02  0.46071534E-22  0.19827529E-42
  0.31100000E+02  0.45793384E-22  0.15102841E-41
  0.31200000E+02  0.45517702E-22  0.56472620E-42
  0.31300000E+02  0.45244457E-22 -0.25933014E-44
  0.31400000E+02  0.44973622E-22 -0.62846774E-42
  0.31500000E+02  0.44705169E-22  0.59021784E-42
  0.31600000E+02  0.44439071E-22 -0.17065320E-42
  0.31700000E+02  0.44175301E-22  0.72660387E-42
  0.31800000E+02  0.43913832E-22 -0.81689059E-43
  0.31900000E+02  0.43654637E-22  0.64863964E-42
  0.32000000E+02  0.43397692E-22 -0.11171649E-41
  0.32100000E+02  0.43142970E-22 -0.42360218E-42
  0.32200000E+02  0.42890446E-22  0.12134915E-41
  0.32300000E+02  0.42640095E-22 -0.59050151E-42
  0.32400000E+02  0.42391894E-22 -0.67781975E-42
  0.32500000E+02  0.42145817E-22 -0.70299638E-42
  0.32600000E+02  0.41901842E-22  0.18459962E-41
  0.32700000E+02  0.41659944E-22  0.16198677E-41
  0.32800000E+02  0.41420100E-22 -0.30287008E-42
  0.32900000E+02  0.41182288E-22 -0.39825322E-42
  0.33000000E+02  0.40946485E-22 -0.13981247E-41
  0.33100000E+02  0.40712669E-22 -0.11336405E-42
  0.33200000E+02  0.40480818E-22 -0.11535963E-41
  0.33300000E+02  0.40250910E-22  0.82055881E-42
  0.33400000E+02  0.40022924E-22 -0.21567216E-42
  0.33500000E+02  0.39796839E-22  0.58170606E-42
  0.33600000E+02  0.39572634E-22 -0.56093301E-42
  0.33700000E+02  0.39350288E-22 -0.18514818E-42
  0.33800000E+02  0.39129783E-22  0.70984714E-42
  0.33900000E+02  0.38911096E-22  0.92492559E-42
  0.34000000E+02  0.38694210E-22 -0.10547060E-41
  0.34100000E+02  0.38479104E-22 -0.61594778E-42
  0.34200000E+02  0.38265760E-22  0.63024687E-42
  0.34300000E+02  0.38054158E-22 -0.45117948E-43
  0.34400000E+02  0.37844279E-22  0.84461974E-42
  0.34500000E+02  0.37636106E-22  0.79747591E-42
  0.34600000E+02  0.37429620E-22  0.37684666E-42
  0.34700000E+02  0.37224804E-22 -0.13878221E-41
  0.34800000E+02  0.37021639E-22 -0.48276238E-42
  0.34900000E+02  0.36820108E-22 -0.64194461E-42
  0.35000000E+02  0.36620195E-22  0.17893403E-42
  0.35100000E+02  0.36421881E-22 -0.55971257E-42
  0.35200000E+02  0.36225150E-22 -0.23407375E-42
  0.35300000E+02  0.36029986E-22 -0.79769894E-43
  0.35400000E+02  0.35836372E-22  0.13156570E-42
  0.35500000E+02  0.35644292E-22 -0.94704602E-42
  0.35600000E+02  0.35453730E-22 -0.40730153E-42
  0.35700000E+02  0.35264670E-22  0.50352655E-42
  0.35800000E+02  0.35077098E-22  0.45861296E-42
  0.35900000E+02  0.34890996E-22  0.47171560E-42
  0.36000000E+02  0.34706351E-22  0.49931651E-42
  0.36100000E+02  0.34523148E-22  0.39820050E-42
  0.36200000E+02  0.34341371E-22 -0.29952128E-42
  0.36300000E+02  0.34161006E-22 -0.98384276E-42
  0.36400000E+02  0.33982039E-22 -0.16309450E-41
  0.36500000E+02  0.33804455E-22  0.54458102E-42
  0.36600000E+02  0.33628241E-22  0.42140592E-42
  0.36700000E+02  0.33453382E-22  0.74743475E-42
  0.36800000E+02  0.33279865E-22 -0.10459476E-42
  0.36900000E+02  0.33107677E-22  0.40061758E-42
  0.37000000E+02  0.32936803E-22  0.48949489E-42
  0.37100000E+02  0.32767231E-22 -0.53621315E-42
  0.37200000E+02  0.32598948E-22  0.55514957E-42
  0.37300000E+02  0.32431941E-22  0.38906138E-42
  0.37400000E+02  0.32266197E-22 -0.42100402E-42
  0.37500000E+02  0.32101704E-22 -0.16735504E-42
  0.37600000E+02  0.31938449E-22  0.20612192E-42
  0.37700000E+02  0.31776420E-22 -0.39996967E-42
  0.37800000E+02  0.31615605E-22 -0.74484391E-42
  0.37900000E+02  0.31455992E-22  0.22167704E-42
  0.38000000E+02  0.31297569E-22 -0.84943975E-42
  0.38100000E+02  0.31140325E-22 -0.21538695E-42
  0.38200000E+02  0.30984248E-22  0.25568405E-42
  0.38300000E+02  0.30829326E-22  0.49255061E-42
  0.38400000E+02  0.30675549E-22  0.92637193E-43
  0.38500000E+02  0.30522905E-22  0.47979300E-42
  0.38600000E+02  0.30371383E-22 -0.25411693E-42
  0.38700000E+02  0.30220973E-22 -0.18665246E-42
  0.38800000E+02  0.30071664E-22  0.32577998E-42
  0.38900000E+02  0.29923444E-22 -0.35010316E-42
  0.39000000E+02  0.29776305E-22 -0.64102941E-42
  0.39100000E+02  0.29630234E-22  0.22743701E-42
  0.39200000E+02  0.29485223E-22  0.64353153E-42
  0.39300000E+02  0.29341261E-22  0.18338992E-42
  0.39400000E+02  0.29198339E-22  0.26591850E-42
  0.39500000E+02  0.29056445E-22  0.18562693E-42
  0.39600000E+02  0.28915571E-22 -0.13982379E-42
  0.39700000E+02  0.28775706E-22  0.65158495E-42
  0.39800000E+02  0.28636842E-22 -0.14325820E-43
  0.39900000E+02  0.28498969E-22 -0.47611196E-42
  0.40000000E+02  0.28362077E-22 -0.66241564E-42
