  0.00000000E+00  0.49338549E-21 -0.68254792E-41
  0.10000000E+00  0.49331214E-21  0.14476681E-40
  0.20000000E+00  0.49309229E-21  0.10286314E-41
  0.30000000E+00  0.49272656E-21  0.29529716E-40
  0.40000000E+00  0.49221600E-21  0.12932013E-41
  0.50000000E+00  0.49156203E-21 -0.79279727E-41
  0.60000000E+00  0.49076649E-21 -0.11006591E-40
  0.70000000E+00  0.48983155E-21 -0.13446451E-40
  0.80000000E+00  0.48875976E-21  0.44081565E-41
  0.90000000E+00  0.48755399E-21 -0.85380242E-41
  0.10000000E+01  0.48621741E-21  0.32132031E-41
  0.11000000E+01  0.48475349E-21 -0.64681606E-41
  0.12000000E+01  0.48316590E-21 -0.64755272E-41
  0.13000000E+01  0.48145858E-21  0.50616038E-41
  0.14000000E+01  0.47963564E-21  0.14814094E-40
  0.15000000E+01  0.47770134E-21 -0.51904691E-41
  0.16000000E+01  0.47566009E-21 -0.74518884E-41
  0.17000000E+01  0.47351640E-21 -0.47847329E-41
  0.18000000E+01  0.47127486E-21 -0.72280717E-41
  0.19000000E+01  0.46894010E-21  0.43972271E-41
  0.20000000E+01  0.46651678E-21  0.49846694E-41
  0.21000000E+01  0.46400956E-21  0.79657911E-41
  0.22000000E+01  0.46142310E-21  0.58087494E-41
  0.23000000E+01  0.45876198E-21 -0.11176612E-40
  0.24000000E+01  0.45603077E-21 -0.60711832E-41
  0.25000000E+01  0.45323393E-21  0.12396660E-40
  0.26000000E+01  0.45037587E-21 -0.62932884E-41
  0.27000000E+01  0.44746086E-21 -0.14242202E-40
  0.28000000E+01  0.44449310E-21 -0.24157061E-41
  0.29000000E+01  0.44147665E-21 -0.56843723E-41
  0.30000000E+01  0.43841546E-21  0.18709054E-40
  0.31000000E+01  0.43531334E-21 -0.17036929E-40
  0.32000000E+01  0.43217398E-21 -0.50644401E-41
  0.33000000E+01  0.42900092E-21  0.40536358E-41
  0.34000000E+01  0.42579756E-21 -0.46197568E-41
  0.35000000E+01  0.42256719E-21 -0.35100032E-41
  0.36000000E+01  0.41931293E-21  0.11862092E-40
  0.37000000E+01  0.41603779E-21 -0.11307027E-40
  0.38000000E+01  0.41274461E-21  0.68582184E-41
  0.39000000E+01  0.40943613E-21  0.75758767E-41
  0.40000000E+01  0.40611494E-21 -0.64236155E-41
  0.41000000E+01  0.40278353E-21  0.41228129E-41
  0.42000000E+01  0.39944422E-21  0.40162120E-41
  0.43000000E+01  0.39609926E-21 -0.13983618E-41
  0.44000000E+01  0.39275074E-21 -0.50342992E-41
  0.45000000E+01  0.38940068E-21  0.89980792E-41
  0.46000000E+01  0.38605096E-21 -0.41525060E-41
  0.47000000E+01  0.38270336E-21 -0.57835415E-41
  0.48000000E+01  0.37935958E-21 -0.70286523E-41
  0.49000000E+01  0.37602120E-21  0.39745260E-41
  0.50000000E+01  0.37268973E-21 -0.30410919E-41
  0.51000000E+01  0.36936658E-21 -0.88013499E-41
  0.52000000E+01  0.36605307E-21 -0.12786836E-40
  0.53000000E+01  0.36275046E-21  0.17902231E-41
  0.54000000E+01  0.35945991E-21  0.16595454E-41
  0.55000000E+01  0.35618253E-21 -0.45976398E-41
  0.56000000E+01  0.35291935E-21 -0.18721947E-41
  0.57000000E+01  0.34967133E-21 -0.30888579E-41
  0.58000000E+01  0.34643938E-21 -0.23049732E-41
  0.59000000E+01  0.34322433E-21 -0.10001318E-40
  0.60000000E+01  0.34002697E-21 -0.91251551E-41
  0.61000000E+01  0.33684804E-21  0.10214482E-41
  0.62000000E+01  0.33368822E-21  0.54294326E-41
  0.63000000E+01  0.33054814E-21 -0.34475557E-42
  0.64000000E+01  0.32742837E-21 -0.26978845E-41
  0.65000000E+01  0.32432948E-21 -0.30271223E-41
  0.66000000E+01  0.32125195E-21  0.47857947E-41
  0.67000000E+01  0.31819624E-21 -0.75535173E-41
  0.68000000E+01  0.31516279E-21  0.18449232E-41
  0.69000000E+01  0.31215198E-21  0.42117226E-41
  0.70000000E+01  0.30916415E-21 -0.26265756E-42
  0.71000000E+01  0.30619964E-21 -0.75560321E-41
  0.72000000E+01  0.30325872E-21  0.26232324E-41
  0.73000000E+01  0.30034168E-21 -0.15041234E-41
  0.74000000E+01  0.29744873E-21  0.20918544E-41
  0.75000000E+01  0.29458009E-21  0.71988635E-41
  0.76000000E+01  0.29173593E-21 -0.80308145E-42
  0.77000000E+01  0.28891643E-21  0.20559518E-41
  0.78000000E+01  0.28612171E-21 -0.32477227E-41
  0.79000000E+01  0.28335190E-21  0.35973511E-41
  0.80000000E+01  0.28060708E-21  0.15740203E-42
  0.81000000E+01  0.27788734E-21 -0.59455128E-41
  0.82000000E+01  0.27519274E-21 -0.54956933E-41
  0.83000000E+01  0.27252331E-21  0.46104662E-41
  0.84000000E+01  0.26987908E-21  0.43948680E-41
  0.85000000E+01  0.26726007E-21  0.47120721E-41
  0.86000000E+01  0.26466626E-21 -0.78597159E-41
  0.87000000E+01  0.26209765E-21  0.35293864E-41
  0.88000000E+01  0.25955419E-21  0.51385782E-41
  0.89000000E+01  0.25703585E-21 -0.81466480E-42
  0.90000000E+01  0.25454257E-21  0.13609508E-41
  0.91000000E+01  0.25207429E-21  0.16868139E-41
  0.92000000E+01  0.24963093E-21 -0.28220199E-41
  0.93000000E+01  0.24721240E-21 -0.31024692E-41
  0.94000000E+01  0.24481861E-21 -0.32687805E-41
  0.95000000E+01  0.24244945E-21 -0.22132036E-41
  0.96000000E+01  0.24010482E-21  0.57602116E-41
  0.97000000E+01  0.23778459E-21  0.38924122E-42
  0.98000000E+01  0.23548864E-21  0.73015441E-41
  0.99000000E+01  0.23321683E-21 -0.26120992E-41
  0.10000000E+02  0.23096902E-21 -0.45057125E-41
  0.10100000E+02  0.22874508E-21 -0.38353763E-41
  0.10200000E+02  0.22654484E-21  0.56127008E-41
  0.10300000E+02  0.22436815E-21 -0.13129032E-41
  0.10400000E+02  0.22221485E-21  0.37875408E-41
  0.10500000E+02  0.22008478E-21  0.45182092E-41
  0.10600000E+02  0.21797776E-21  0.39417513E-41
  0.10700000E+02  0.21589363E-21 -0.10479683E-42
  0.10800000E+02  0.21383220E-21  0.51423213E-41
  0.10900000E+02  0.21179330E-21 -0.22558524E-42
  0.11000000E+02  0.20977674E-21  0.55072230E-41
  0.11100000E+02  0.20778234E-21  0.58918337E-41
  0.11200000E+02  0.20580991E-21  0.12841782E-41
  0.11300000E+02  0.20385927E-21  0.50809312E-41
  0.11400000E+02  0.20193021E-21  0.62376203E-41
  0.11500000E+02  0.20002255E-21  0.42327411E-41
  0.11600000E+02  0.19813608E-21 -0.31676143E-42
  0.11700000E+02  0.19627063E-21 -0.35243088E-41
  0.11800000E+02  0.19442597E-21  0.44214073E-41
  0.11900000E+02  0.19260193E-21 -0.36902811E-41
  0.12000000E+02  0.19079829E-21  0.30666584E-41
  0.12100000E+02  0.18901487E-21 -0.95629694E-42
  0.12200000E+02  0.18725145E-21  0.34240129E-41
  0.12300000E+02  0.18550783E-21  0.73380957E-41
  0.12400000E+02  0.18378383E-21  0.56555398E-41
  0.12500000E+02  0.18207922E-21  0.17853292E-41
  0.12600000E+02  0.18039383E-21 -0.58016122E-42
  0.12700000E+02  0.17872743E-21  0.10914384E-42
  0.12800000E+02  0.17707984E-21  0.27904189E-41
  0.12900000E+02  0.17545085E-21  0.18999539E-41
  0.13000000E+02  0.17384026E-21 -0.35211674E-42
  0.13100000E+02  0.17224787E-21  0.53488576E-41
  0.13200000E+02  0.17067349E-21  0.24390135E-41
  0.13300000E+02  0.16911691E-21  0.21275878E-41
  0.13400000E+02  0.16757794E-21  0.21684388E-41
  0.13500000E+02  0.16605639E-21 -0.76625353E-42
  0.13600000E+02  0.16455205E-21 -0.24941277E-41
  0.13700000E+02  0.16306473E-21 -0.67040553E-42
  0.13800000E+02  0.16159425E-21 -0.21406179E-42
  0.13900000E+02  0.16014040E-21  0.16225499E-42
  0.14000000E+02  0.15870300E-21  0.15134367E-41
  0.14100000E+02  0.15728186E-21 -0.23586958E-41
  0.14200000E+02  0.15587679E-21  0.28748544E-41
  0.14300000E+02  0.15448760E-21 -0.13168610E-41
  0.14400000E+02  0.15311410E-21  0.10601584E-41
  0.14500000E+02  0.15175612E-21 -0.12867604E-41
  0.14600000E+02  0.15041346E-21 -0.17593075E-41
  0.14700000E+02  0.14908596E-21  0.39640247E-43
  0.14800000E+02  0.14777342E-21 -0.23110915E-41
  0.14900000E+02  0.14647567E-21  0.48901284E-42
  0.15000000E+02  0.14519254E-21 -0.78461210E-42
  0.15100000E+02  0.14392384E-21 -0.23067194E-42
  0.15200000E+02  0.14266941E-21 -0.31707279E-42
  0.15300000E+02  0.14142907E-21  0.61823404E-42
  0.15400000E+02  0.14020265E-21  0.46785721E-42
  0.15500000E+02  0.13898998E-21  0.27450440E-41
  0.15600000E+02  0.13779090E-21 -0.41920580E-41
  0.15700000E+02  0.13660524E-21 -0.17343038E-41
  0.15800000E+02  0.13543283E-21 -0.84390130E-42
  0.15900000E+02  0.13427352E-21  0.79466532E-42
  0.16000000E+02  0.13312714E-21  0.34830951E-41
  0.16100000E+02  0.13199354E-21  0.35956813E-41
  0.16200000E+02  0.13087256E-21  0.10684708E-41
  0.16300000E+02  0.12976403E-21 -0.28986898E-43
  0.16400000E+02  0.12866782E-21 -0.28628968E-41
  0.16500000E+02  0.12758376E-21  0.18058771E-41
  0.16600000E+02  0.12651170E-21 -0.31851968E-42
  0.16700000E+02  0.12545151E-21 -0.22018318E-41
  0.16800000E+02  0.12440302E-21  0.76045851E-42
  0.16900000E+02  0.12336610E-21  0.78577298E-42
  0.17000000E+02  0.12234060E-21 -0.73596538E-42
  0.17100000E+02  0.12132638E-21 -0.42320971E-42
  0.17200000E+02  0.12032330E-21  0.47338519E-42
  0.17300000E+02  0.11933121E-21  0.50350404E-42
  0.17400000E+02  0.11834999E-21  0.18206535E-42
  0.17500000E+02  0.11737950E-21 -0.18518723E-41
  0.17600000E+02  0.11641960E-21 -0.14896071E-41
  0.17700000E+02  0.11547016E-21 -0.16135295E-41
  0.17800000E+02  0.11453105E-21  0.23429439E-41
  0.17900000E+02  0.11360214E-21 -0.94624033E-42
  0.18000000E+02  0.11268330E-21 -0.16271953E-41
  0.18100000E+02  0.11177442E-21 -0.91501930E-43
  0.18200000E+02  0.11087535E-21 -0.44036741E-42
  0.18300000E+02  0.10998599E-21 -0.19658561E-41
  0.18400000E+02  0.10910621E-21 -0.11821067E-41
  0.18500000E+02  0.10823589E-21  0.25734739E-41
  0.18600000E+02  0.10737490E-21  0.20432141E-41
  0.18700000E+02  0.10652315E-21  0.31942230E-41
  0.18800000E+02  0.10568050E-21  0.41149895E-42
  0.18900000E+02  0.10484685E-21  0.82484015E-42
  0.19000000E+02  0.10402208E-21  0.32908971E-42
  0.19100000E+02  0.10320608E-21  0.24323296E-41
  0.19200000E+02  0.10239875E-21  0.31593722E-42
  0.19300000E+02  0.10159997E-21  0.92165228E-43
  0.19400000E+02  0.10080964E-21 -0.26718982E-41
  0.19500000E+02  0.10002765E-21 -0.22424138E-41
  0.19600000E+02  0.99253902E-22  0.27334136E-42
  0.19700000E+02  0.98488289E-22  0.66780808E-42
  0.19800000E+02  0.97730711E-22  0.17567135E-41
  0.19900000E+02  0.96981069E-22  0.11329743E-41
  0.20000000E+02  0.96239262E-22  0.10851834E-41
  0.20100000E+02  0.95505195E-22 -0.52477855E-42
  0.20200000E+02  0.94778772E-22  0.14472315E-41
  0.20300000E+02  0.94059896E-22  0.10900618E-41
  0.20400000E+02  0.93348476E-22 -0.23049911E-41
  0.20500000E+02  0.92644418E-22  0.22878999E-41
  0.20600000E+02  0.91947632E-22  0.38248008E-42
  0.20700000E+02  0.91258028E-22  0.83915502E-42
  0.20800000E+02  0.90575517E-22  0.26252375E-41
  0.20900000E+02  0.89900011E-22 -0.97203142E-42
  0.21000000E+02  0.89231425E-22  0.29397195E-41
  0.21100000E+02  0.88569673E-22 -0.43816060E-42
  0.21200000E+02  0.87914671E-22 -0.12776457E-41
  0.21300000E+02  0.87266336E-22  0.11362299E-41
  0.21400000E+02  0.86624587E-22 -0.11721995E-41
  0.21500000E+02  0.85989342E-22 -0.12698442E-41
  0.21600000E+02  0.85360523E-22 -0.63012934E-42
  0.21700000E+02  0.84738050E-22  0.13912842E-41
  0.21800000E+02  0.84121846E-22 -0.24814717E-41
  0.21900000E+02  0.83511835E-22 -0.11690811E-41
  0.22000000E+02  0.82907942E-22  0.70774256E-42
  0.22100000E+02  0.82310090E-22 -0.12910114E-41
  0.22200000E+02  0.81718209E-22  0.50323005E-42
  0.22300000E+02  0.81132224E-22  0.11492132E-41
  0.22400000E+02  0.80552065E-22  0.68755892E-42
  0.22500000E+02  0.79977660E-22 -0.13614248E-41
  0.22600000E+02  0.79408941E-22  0.11372450E-41
  0.22700000E+02  0.78845839E-22  0.85144936E-42
  0.22800000E+02  0.78288286E-22 -0.11904021E-41
  0.22900000E+02  0.77736215E-22  0.10256022E-41
  0.23000000E+02  0.77189560E-22 -0.84101809E-42
  0.23100000E+02  0.76648257E-22 -0.89057303E-43
  0.23200000E+02  0.76112241E-22  0.67063289E-42
  0.23300000E+02  0.75581449E-22  0.48671365E-42
  0.23400000E+02  0.75055819E-22  0.82095837E-42
  0.23500000E+02  0.74535288E-22 -0.78117307E-42
  0.23600000E+02  0.74019797E-22  0.84358939E-42
  0.23700000E+02  0.73509285E-22  0.10091174E-41
  0.23800000E+02  0.73003693E-22  0.48594500E-42
  0.23900000E+02  0.72502963E-22  0.18830922E-42
  0.24000000E+02  0.72007037E-22 -0.29882001E-42
  0.24100000E+02  0.71515858E-22 -0.10318812E-41
  0.24200000E+02  0.71029371E-22 -0.79038963E-42
  0.24300000E+02  0.70547520E-22 -0.12048321E-41
  0.24400000E+02  0.70070250E-22  0.58404452E-42
  0.24500000E+02  0.69597509E-22  0.95619308E-42
  0.24600000E+02  0.69129241E-22 -0.14917531E-41
  0.24700000E+02  0.68665396E-22 -0.11785101E-41
  0.24800000E+02  0.68205922E-22 -0.17094631E-41
  0.24900000E+02  0.67750767E-22 -0.52139636E-43
  0.25000000E+02  0.67299881E-22 -0.10665240E-41
  0.25100000E+02  0.66853215E-22 -0.12871618E-41
  0.25200000E+02  0.66410720E-22 -0.50542258E-42
  0.25300000E+02  0.65972347E-22  0.16147027E-41
  0.25400000E+02  0.65538048E-22  0.77592427E-42
  0.25500000E+02  0.65107777E-22  0.68055187E-42
  0.25600000E+02  0.64681486E-22  0.12406235E-41
  0.25700000E+02  0.64259131E-22 -0.50646790E-42
  0.25800000E+02  0.63840666E-22  0.36165724E-42
  0.25900000E+02  0.63426047E-22  0.71081167E-44
  0.26000000E+02  0.63015228E-22  0.84882354E-43
  0.26100000E+02  0.62608168E-22 -0.13883612E-42
  0.26200000E+02  0.62204823E-22 -0.49065457E-42
  0.26300000E+02  0.61805150E-22 -0.11725719E-41
  0.26400000E+02  0.61409108E-22  0.71285775E-42
  0.26500000E+02  0.61016656E-22  0.89991548E-42
  0.26600000E+02  0.60627753E-22  0.19949661E-42
  0.26700000E+02  0.60242359E-22 -0.30782521E-42
  0.26800000E+02  0.59860434E-22 -0.98547948E-42
  0.26900000E+02  0.59481940E-22  0.16447895E-41
  0.27000000E+02  0.59106837E-22  0.65802202E-42
  0.27100000E+02  0.58735088E-22  0.49050639E-42
  0.27200000E+02  0.58366654E-22  0.26322936E-42
  0.27300000E+02  0.58001500E-22 -0.59460023E-42
  0.27400000E+02  0.57639588E-22 -0.10404339E-41
  0.27500000E+02  0.57280882E-22 -0.42070406E-42
  0.27600000E+02  0.56925346E-22 -0.33773310E-42
  0.27700000E+02  0.56572946E-22 -0.16861780E-41
  0.27800000E+02  0.56223647E-22  0.24157573E-42
  0.27900000E+02  0.55877413E-22 -0.40223425E-43
  0.28000000E+02  0.55534212E-22 -0.42344321E-42
  0.28100000E+02  0.55194010E-22  0.13855085E-41
  0.28200000E+02  0.54856774E-22 -0.38158581E-42
  0.28300000E+02  0.54522471E-22 -0.10210235E-41
  0.28400000E+02  0.54191070E-22  0.35553180E-42
  0.28500000E+02  0.53862538E-22  0.86621810E-42
  0.28600000E+02  0.53536844E-22  0.25144012E-42
  0.28700000E+02  0.53213958E-22 -0.21623726E-41
  0.28800000E+02  0.52893849E-22 -0.49539692E-42
  0.28900000E+02  0.52576486E-22 -0.32695910E-42
  0.29000000E+02  0.52261840E-22  0.11958464E-41
  0.29100000E+02  0.51949881E-22  0.77082367E-42
  0.29200000E+02  0.51640581E-22 -0.11749231E-41
  0.29300000E+02  0.51333910E-22  0.21855293E-43
  0.29400000E+02  0.51029842E-22  0.62310841E-42
  0.29500000E+02  0.50728347E-22  0.61645258E-42
  0.29600000E+02  0.50429398E-22 -0.13867831E-41
  0.29700000E+02  0.50132968E-22 -0.67500620E-42
  0.29800000E+02  0.49839029E-22 -0.12221208E-42
  0.29900000E+02  0.49547557E-22  0.99695248E-42
  0.30000000E+02  0.49258523E-22  0.53891695E-42
  0.30100000E+02  0.48971903E-22  0.87145439E-42
  0.30200000E+02  0.48687671E-22  0.77701276E-42
  0.30300000E+02  0.48405801E-22  0.86556803E-42
  0.30400000E+02  0.48126269E-22  0.19452204E-42
  0.30500000E+02  0.47849050E-22 -0.10772172E-41
  0.30600000E+02  0.47574120E-22 -0.16097002E-41
  0.30700000E+02  0.47301455E-22  0.22377279E-42
  0.30800000E+02  0.47031030E-22  0.13858575E-41
  0.30900000E+02  0.46762824E-22  0.52458302E-42
  0.31000000E+02  0.46496812E-22  0.10018337E-41
  0.31100000E+02  0.46232971E-22  0.72939989E-42
  0.31200000E+02  0.45971280E-22 -0.96929686E-43
  0.31300000E+02  0.45711716E-22  0.89205396E-42
  0.31400000E+02  0.45454256E-22  0.10985038E-41
  0.31500000E+02  0.45198880E-22 -0.37889195E-42
  0.31600000E+02  0.44945565E-22 -0.14121478E-41
  0.31700000E+02  0.44694291E-22 -0.11488319E-41
  0.31800000E+02  0.44445037E-22  0.11657061E-42
  0.31900000E+02  0.44197781E-22 -0.10124176E-42
  0.32000000E+02  0.43952504E-22  0.87811449E-43
  0.32100000E+02  0.43709185E-22  0.14208262E-42
  0.32200000E+02  0.43467804E-22  0.11199834E-42
  0.32300000E+02  0.43228342E-22  0.63926619E-42
  0.32400000E+02  0.42990779E-22 -0.73630274E-42
  0.32500000E+02  0.42755096E-22 -0.21638361E-42
  0.32600000E+02  0.42521274E-22 -0.12796067E-42
  0.32700000E+02  0.42289294E-22  0.39273488E-42
  0.32800000E+02  0.42059137E-22 -0.48107955E-42
  0.32900000E+02  0.41830786E-22 -0.34685124E-42
  0.33000000E+02  0.41604223E-22  0.95152707E-42
  0.33100000E+02  0.41379428E-22 -0.15332679E-42
  0.33200000E+02  0.41156385E-22  0.48543661E-42
  0.33300000E+02  0.40935076E-22  0.70221666E-45
  0.33400000E+02  0.40715485E-22 -0.56227393E-42
  0.33500000E+02  0.40497593E-22  0.24155999E-42
  0.33600000E+02  0.40281384E-22  0.84281415E-42
  0.33700000E+02  0.40066842E-22  0.10281306E-41
  0.33800000E+02  0.39853949E-22 -0.10207773E-41
  0.33900000E+02  0.39642690E-22 -0.15415332E-42
  0.34000000E+02  0.39433049E-22  0.19554576E-42
  0.34100000E+02  0.39225010E-22  0.43915621E-42
  0.34200000E+02  0.39018557E-22  0.37360797E-43
  0.34300000E+02  0.38813674E-22  0.46728450E-42
  0.34400000E+02  0.38610347E-22  0.10796201E-41
  0.34500000E+02  0.38408560E-22  0.51273684E-42
  0.34600000E+02  0.38208298E-22 -0.37874650E-42
  0.34700000E+02  0.38009546E-22  0.64044154E-42
  0.34800000E+02  0.37812290E-22 -0.14155737E-42
  0.34900000E+02  0.37616515E-22  0.16834470E-42
  0.35000000E+02  0.37422207E-22 -0.24817910E-42
  0.35100000E+02  0.37229353E-22 -0.45693850E-42
  0.35200000E+02  0.37037937E-22 -0.35988310E-43
  0.35300000E+02  0.36847946E-22  0.33764600E-42
  0.35400000E+02  0.36659367E-22  0.26280640E-42
  0.35500000E+02  0.36472186E-22 -0.48985484E-45
  0.35600000E+02  0.36286389E-22 -0.96525582E-43
  0.35700000E+02  0.36101965E-22 -0.33805156E-42
  0.35800000E+02  0.35918898E-22 -0.10581238E-42
  0.35900000E+02  0.35737178E-22  0.77364946E-42
  0.36000000E+02  0.35556790E-22  0.78374469E-42
  0.36100000E+02  0.35377722E-22 -0.10472967E-41
  0.36200000E+02  0.35199963E-22  0.26658535E-42
  0.36300000E+02  0.35023499E-22 -0.96273804E-42
  0.36400000E+02  0.34848318E-22  0.17208094E-42
  0.36500000E+02  0.34674409E-22 -0.39195460E-42
  0.36600000E+02  0.34501760E-22  0.59661034E-42
  0.36700000E+02  0.34330358E-22 -0.77081700E-42
  0.36800000E+02  0.34160193E-22  0.15560061E-42
  0.36900000E+02  0.33991252E-22 -0.96346419E-42
  0.37000000E+02  0.33823524E-22 -0.25973221E-42
  0.37100000E+02  0.33656999E-22 -0.12606637E-42
  0.37200000E+02  0.33491665E-22 -0.33925661E-42
  0.37300000E+02  0.33327510E-22 -0.41365288E-42
  0.37400000E+02  0.33164525E-22  0.18328873E-42
  0.37500000E+02  0.33002698E-22 -0.48246545E-42
  0.37600000E+02  0.32842019E-22 -0.17037916E-42
  0.37700000E+02  0.32682477E-22  0.52614463E-42
  0.37800000E+02  0.32524062E-22 -0.67262878E-42
  0.37900000E+02  0.32366764E-22 -0.15590334E-41
  0.38000000E+02  0.32210572E-22  0.46819499E-43
  0.38100000E+02  0.32055477E-22 -0.68791369E-42
  0.38200000E+02  0.31901468E-22 -0.24814504E-42
  0.38300000E+02  0.31748535E-22  0.48683484E-43
  0.38400000E+02  0.31596670E-22 -0.13075357E-41
  0.38500000E+02  0.31445862E-22  0.14750857E-41
  0.38600000E+02  0.31296101E-22 -0.19186197E-43
  0.38700000E+02  0.31147379E-22 -0.40101588E-42
  0.38800000E+02  0.30999687E-22  0.10476721E-41
  0.38900000E+02  0.30853013E-22  0.83102208E-42
  0.39000000E+02  0.30707351E-22 -0.29098331E-42
  0.39100000E+02  0.30562691E-22  0.70774470E-42
  0.39200000E+02  0.30419023E-22 -0.25582382E-43
  0.39300000E+02  0.30276339E-22  0.76720188E-44
  0.39400000E+02  0.30134631E-22  0.85588651E-42
  0.39500000E+02  0.29993889E-22 -0.80893017E-42
  0.39600000E+02  0.29854105E-22  0.31284109E-42
  0.39700000E+02  0.29715271E-22  0.19230723E-43
  0.39800000E+02  0.29577379E-22 -0.57119756E-42
  0.39900000E+02  0.29440419E-22 -0.15691266E-44
  0.40000000E+02  0.29304385E-22 -0.29542274E-43
